350
-500 -369 165 120 box1 0 0 0
33 -281 58 153 box2 0 0 0
179 435 108 129 box3 0 0 0
331 -466 59 130 box4 0 0 0
171 -493 108 61 box5 0 0 0
-83 187 139 191 box6 0 0 0
347 27 64 149 box7 0 0 0
-84 201 188 166 box8 0 0 0
-238 -453 162 100 box9 0 0 0
133 257 200 106 box10 0 0 0
-253 483 160 164 box11 0 0 0
152 -428 146 184 box12 0 0 0
-228 -64 166 123 box13 0 0 0
-262 -225 105 76 box14 0 0 0
-13 398 188 60 box15 0 0 0
405 5 128 99 box16 0 0 0
487 -6 91 64 box17 0 0 0
448 -427 126 109 box18 0 0 0
-223 414 130 121 box19 0 0 0
441 -450 165 167 box20 0 0 0
328 -375 53 154 box21 0 0 0
369 130 162 160 box22 0 0 0
500 389 86 97 box23 0 0 0
-149 13 140 178 box24 0 0 0
-88 342 91 113 box25 0 0 0
37 -32 94 77 box26 0 0 0
-347 72 172 55 box27 0 0 0
34 -2 195 163 box28 0 0 0
55 391 145 178 box29 0 0 0
-341 -288 158 70 box30 0 0 0
-409 -226 51 113 box31 0 0 0
-474 210 192 87 box32 0 0 0
-319 -183 184 149 box33 0 0 0
-350 182 109 109 box34 0 0 0
0 -353 139 178 box35 0 0 0
90 456 134 73 box36 0 0 0
484 -91 72 136 box37 0 0 0
-248 -11 121 196 box38 0 0 0
-374 -301 99 146 box39 0 0 0
-374 151 144 172 box40 0 0 0
-252 -24 109 81 box41 0 0 0
-472 402 115 72 box42 0 0 0
448 -90 70 184 box43 0 0 0
-408 -338 61 106 box44 0 0 0
-247 -365 169 119 box45 0 0 0
-151 -48 173 191 box46 0 0 0
152 -285 153 188 box47 0 0 0
-250 361 122 127 box48 0 0 0
100 318 165 120 box49 0 0 0
452 133 117 175 box50 0 0 0
189 202 200 195 box51 0 0 0
352 -211 132 128 box52 0 0 0
-397 -86 138 183 box53 0 0 0
-60 230 182 159 box54 0 0 0
301 207 162 53 box55 0 0 0
386 25 120 60 box56 0 0 0
214 -11 151 153 box57 0 0 0
-301 417 181 185 box58 0 0 0
44 -361 119 200 box59 0 0 0
-285 -54 98 128 box60 0 0 0
382 -60 121 172 box61 0 0 0
-135 -289 201 74 box62 0 0 0
131 116 51 51 box63 0 0 0
274 228 99 114 box64 0 0 0
183 181 81 177 box65 0 0 0
209 329 65 63 box66 0 0 0
264 130 83 83 box67 0 0 0
-419 -111 194 194 box68 0 0 0
-110 -231 155 93 box69 0 0 0
277 284 114 93 box70 0 0 0
-306 -489 79 199 box71 0 0 0
-256 320 71 111 box72 0 0 0
101 -323 176 74 box73 0 0 0
488 -243 86 66 box74 0 0 0
-281 135 156 171 box75 0 0 0
196 253 152 146 box76 0 0 0
-444 98 85 99 box77 0 0 0
200 -383 166 130 box78 0 0 0
54 88 100 157 box79 0 0 0
-357 -339 124 180 box80 0 0 0
314 57 162 98 box81 0 0 0
-365 29 97 139 box82 0 0 0
18 -69 90 106 box83 0 0 0
-107 -53 122 109 box84 0 0 0
-221 -422 106 89 box85 0 0 0
172 176 128 161 box86 0 0 0
221 445 120 192 box87 0 0 0
-179 -40 129 150 box88 0 0 0
-98 106 199 73 box89 0 0 0
170 -156 132 129 box90 0 0 0
330 -486 92 148 box91 0 0 0
46 418 91 197 box92 0 0 0
-254 344 155 119 box93 0 0 0
317 -478 75 157 box94 0 0 0
208 -63 138 164 box95 0 0 0
492 196 93 164 box96 0 0 0
-329 -496 125 63 box97 0 0 0
-337 404 169 163 box98 0 0 0
-64 -494 139 129 box99 0 0 0
-434 44 109 83 box100 0 0 0
-114 127 150 158 box101 0 0 0
39 -220 174 107 box102 0 0 0
186 -190 52 66 box103 0 0 0
21 276 84 59 box104 0 0 0
-430 -340 160 95 box105 0 0 0
-450 -22 120 129 box106 0 0 0
-54 -350 94 176 box107 0 0 0
196 78 153 101 box108 0 0 0
-443 487 132 51 box109 0 0 0
357 -471 108 124 box110 0 0 0
76 239 153 131 box111 0 0 0
-465 -378 197 79 box112 0 0 0
-149 114 142 70 box113 0 0 0
53 454 104 177 box114 0 0 0
475 -241 88 115 box115 0 0 0
313 398 87 165 box116 0 0 0
195 -48 90 151 box117 0 0 0
-384 -291 68 133 box118 0 0 0
-494 -324 141 116 box119 0 0 0
-418 188 107 177 box120 0 0 0
-377 474 55 63 box121 0 0 0
-6 270 192 88 box122 0 0 0
-140 269 126 164 box123 0 0 0
172 182 165 56 box124 0 0 0
-270 -279 135 149 box125 0 0 0
117 -129 84 86 box126 0 0 0
153 -334 163 75 box127 0 0 0
-453 162 69 194 box128 0 0 0
-16 121 189 53 box129 0 0 0
94 222 125 59 box130 0 0 0
-58 19 167 60 box131 0 0 0
-57 478 121 100 box132 0 0 0
-54 244 82 76 box133 0 0 0
-128 440 196 89 box134 0 0 0
-430 -377 130 75 box135 0 0 0
18 -395 178 106 box136 0 0 0
-76 -173 158 138 box137 0 0 0
372 259 177 156 box138 0 0 0
-111 436 142 105 box139 0 0 0
40 -45 111 87 box140 0 0 0
-417 -78 122 94 box141 0 0 0
-395 -284 172 130 box142 0 0 0
169 364 87 158 box143 0 0 0
-237 -117 63 120 box144 0 0 0
-267 296 125 51 box145 0 0 0
-234 165 115 79 box146 0 0 0
464 -366 171 193 box147 0 0 0
-329 106 60 103 box148 0 0 0
-208 10 175 176 box149 0 0 0
227 -171 172 146 box150 0 0 0
-455 -459 74 166 box151 0 0 0
-439 19 191 84 box152 0 0 0
-296 -411 156 157 box153 0 0 0
-5 -238 158 108 box154 0 0 0
-300 -268 116 121 box155 0 0 0
362 478 118 56 box156 0 0 0
24 -469 164 140 box157 0 0 0
323 -171 86 132 box158 0 0 0
-69 -97 200 197 box159 0 0 0
351 368 98 73 box160 0 0 0
498 140 121 191 box161 0 0 0
191 316 132 137 box162 0 0 0
-341 446 175 74 box163 0 0 0
-459 -157 67 65 box164 0 0 0
19 -478 135 180 box165 0 0 0
17 175 162 156 box166 0 0 0
-478 -308 152 103 box167 0 0 0
-434 -360 190 84 box168 0 0 0
-120 86 76 54 box169 0 0 0
191 263 158 62 box170 0 0 0
90 426 191 115 box171 0 0 0
6 332 189 141 box172 0 0 0
224 19 125 75 box173 0 0 0
477 74 92 131 box174 0 0 0
199 167 65 133 box175 0 0 0
111 168 125 137 box176 0 0 0
89 -59 73 126 box177 0 0 0
232 -469 58 129 box178 0 0 0
-180 -465 88 67 box179 0 0 0
-117 52 141 143 box180 0 0 0
436 272 128 124 box181 0 0 0
150 197 112 124 box182 0 0 0
-20 211 131 92 box183 0 0 0
106 -220 157 131 box184 0 0 0
439 -265 113 141 box185 0 0 0
283 421 153 174 box186 0 0 0
27 -270 72 186 box187 0 0 0
-249 152 51 192 box188 0 0 0
-225 359 93 194 box189 0 0 0
7 -377 113 157 box190 0 0 0
-64 -393 166 66 box191 0 0 0
-59 -156 95 165 box192 0 0 0
-162 -169 59 137 box193 0 0 0
-15 -298 68 198 box194 0 0 0
365 -8 106 172 box195 0 0 0
-338 -341 59 73 box196 0 0 0
-32 -120 184 115 box197 0 0 0
-88 151 97 60 box198 0 0 0
315 398 189 187 box199 0 0 0
270 -330 137 55 box200 0 0 0
304 22 181 92 box201 0 0 0
370 87 109 173 box202 0 0 0
26 440 114 138 box203 0 0 0
249 381 102 79 box204 0 0 0
243 219 183 62 box205 0 0 0
210 379 105 64 box206 0 0 0
-339 -83 65 152 box207 0 0 0
63 313 183 167 box208 0 0 0
135 397 183 124 box209 0 0 0
-387 -123 108 154 box210 0 0 0
-379 -424 72 123 box211 0 0 0
209 -262 110 198 box212 0 0 0
129 181 188 105 box213 0 0 0
360 295 115 62 box214 0 0 0
-1 -16 119 126 box215 0 0 0
241 433 96 73 box216 0 0 0
-390 -420 197 112 box217 0 0 0
-262 464 176 80 box218 0 0 0
-371 -304 102 137 box219 0 0 0
-60 86 116 106 box220 0 0 0
-118 100 115 73 box221 0 0 0
170 496 156 111 box222 0 0 0
350 320 170 107 box223 0 0 0
-491 -20 147 148 box224 0 0 0
145 299 107 105 box225 0 0 0
-111 -166 155 72 box226 0 0 0
-209 167 180 98 box227 0 0 0
-356 102 51 190 box228 0 0 0
-118 17 103 90 box229 0 0 0
-209 334 69 146 box230 0 0 0
-452 -42 107 74 box231 0 0 0
256 166 52 171 box232 0 0 0
61 -212 113 99 box233 0 0 0
15 219 178 86 box234 0 0 0
-35 -127 58 62 box235 0 0 0
-298 66 176 114 box236 0 0 0
340 -207 78 104 box237 0 0 0
435 90 106 120 box238 0 0 0
128 445 112 58 box239 0 0 0
-55 96 163 181 box240 0 0 0
-369 -396 151 176 box241 0 0 0
81 159 199 53 box242 0 0 0
422 -306 197 129 box243 0 0 0
-221 220 140 177 box244 0 0 0
335 160 161 148 box245 0 0 0
-151 35 151 99 box246 0 0 0
370 -58 189 92 box247 0 0 0
452 -383 113 177 box248 0 0 0
463 -167 130 131 box249 0 0 0
318 430 151 87 box250 0 0 0
442 97 70 88 box251 0 0 0
387 -304 75 177 box252 0 0 0
103 123 177 152 box253 0 0 0
-109 372 151 68 box254 0 0 0
-500 176 145 119 box255 0 0 0
74 -468 104 180 box256 0 0 0
-129 162 138 60 box257 0 0 0
245 -221 117 77 box258 0 0 0
-409 398 200 140 box259 0 0 0
-467 191 124 136 box260 0 0 0
396 -66 154 81 box261 0 0 0
-18 -228 194 87 box262 0 0 0
454 -23 70 196 box263 0 0 0
358 -283 52 169 box264 0 0 0
-450 461 147 137 box265 0 0 0
-363 -371 175 126 box266 0 0 0
156 5 130 68 box267 0 0 0
403 169 92 109 box268 0 0 0
-109 331 87 69 box269 0 0 0
229 148 81 179 box270 0 0 0
-478 -395 79 105 box271 0 0 0
280 219 151 138 box272 0 0 0
-149 -343 95 76 box273 0 0 0
-277 172 112 184 box274 0 0 0
79 -158 117 156 box275 0 0 0
335 292 179 93 box276 0 0 0
-236 -330 131 62 box277 0 0 0
499 250 69 75 box278 0 0 0
-75 273 83 116 box279 0 0 0
-467 430 67 91 box280 0 0 0
-18 293 89 83 box281 0 0 0
-218 -119 82 191 box282 0 0 0
264 117 137 104 box283 0 0 0
408 -302 68 170 box284 0 0 0
198 -482 163 68 box285 0 0 0
395 155 103 108 box286 0 0 0
-285 -169 53 189 box287 0 0 0
286 -107 161 176 box288 0 0 0
378 -371 102 193 box289 0 0 0
-138 -148 63 137 box290 0 0 0
277 345 125 174 box291 0 0 0
143 -65 104 103 box292 0 0 0
-219 420 145 163 box293 0 0 0
-343 277 89 143 box294 0 0 0
355 -186 142 70 box295 0 0 0
-126 -367 90 70 box296 0 0 0
-297 251 61 120 box297 0 0 0
464 -266 80 154 box298 0 0 0
-419 355 74 69 box299 0 0 0
309 445 57 60 box300 0 0 0
330 -359 171 85 box301 0 0 0
-101 99 149 59 box302 0 0 0
487 313 113 55 box303 0 0 0
-392 475 181 152 box304 0 0 0
335 -262 159 140 box305 0 0 0
-278 -273 51 118 box306 0 0 0
-90 433 54 128 box307 0 0 0
-124 360 170 143 box308 0 0 0
-168 124 149 148 box309 0 0 0
-241 -474 200 82 box310 0 0 0
142 60 107 69 box311 0 0 0
-51 -363 139 132 box312 0 0 0
-16 387 63 105 box313 0 0 0
-400 -201 178 188 box314 0 0 0
328 471 173 171 box315 0 0 0
340 -51 147 155 box316 0 0 0
316 -32 80 111 box317 0 0 0
431 -33 108 129 box318 0 0 0
-273 400 199 71 box319 0 0 0
-42 189 93 112 box320 0 0 0
240 -469 96 80 box321 0 0 0
314 -225 159 112 box322 0 0 0
285 223 138 146 box323 0 0 0
299 -500 145 103 box324 0 0 0
-28 -8 130 99 box325 0 0 0
358 -362 111 109 box326 0 0 0
347 -444 119 166 box327 0 0 0
-208 462 201 162 box328 0 0 0
-150 297 81 141 box329 0 0 0
43 -249 81 137 box330 0 0 0
14 248 142 200 box331 0 0 0
299 55 73 67 box332 0 0 0
24 -254 137 101 box333 0 0 0
179 -431 178 183 box334 0 0 0
-168 -355 163 150 box335 0 0 0
-97 85 134 125 box336 0 0 0
115 425 143 89 box337 0 0 0
-461 121 102 54 box338 0 0 0
-329 111 115 136 box339 0 0 0
231 -126 106 107 box340 0 0 0
-414 83 114 67 box341 0 0 0
-175 185 136 182 box342 0 0 0
32 475 60 122 box343 0 0 0
-390 493 133 156 box344 0 0 0
-373 -25 59 118 box345 0 0 0
418 -61 180 201 box346 0 0 0
49 -376 178 79 box347 0 0 0
165 156 197 120 box348 0 0 0
-341 -361 93 197 box349 0 0 0
98 353 60 190 box350 0 0 0
