2000
-200 -148 67 48 box1 0 0 0
13 -113 23 62 box2 0 0 0
72 174 44 52 box3 0 0 0
133 -187 24 53 box4 0 0 0
69 -197 44 25 box5 0 0 0
-33 75 56 77 box6 0 0 0
139 11 26 60 box7 0 0 0
-34 81 76 67 box8 0 0 0
-95 -181 65 41 box9 0 0 0
53 103 81 43 box10 0 0 0
-101 194 65 66 box11 0 0 0
61 -171 59 74 box12 0 0 0
-91 -25 67 50 box13 0 0 0
-105 -90 42 31 box14 0 0 0
-5 159 76 24 box15 0 0 0
162 2 52 40 box16 0 0 0
195 -2 37 26 box17 0 0 0
180 -171 51 44 box18 0 0 0
-89 166 53 49 box19 0 0 0
177 -180 67 67 box20 0 0 0
131 -150 21 62 box21 0 0 0
148 52 65 65 box22 0 0 0
200 156 35 39 box23 0 0 0
-60 5 57 72 box24 0 0 0
-35 137 37 46 box25 0 0 0
15 -13 38 31 box26 0 0 0
-139 29 69 23 box27 0 0 0
14 -1 79 66 box28 0 0 0
22 157 59 72 box29 0 0 0
-136 -115 64 28 box30 0 0 0
-164 -90 21 46 box31 0 0 0
-190 84 78 35 box32 0 0 0
-128 -73 75 60 box33 0 0 0
-140 73 44 44 box34 0 0 0
0 -141 56 72 box35 0 0 0
36 183 54 30 box36 0 0 0
194 -37 29 55 box37 0 0 0
-99 -5 49 79 box38 0 0 0
-150 -120 40 59 box39 0 0 0
-150 61 58 69 box40 0 0 0
-101 -9 44 33 box41 0 0 0
-189 161 47 29 box42 0 0 0
179 -36 29 75 box43 0 0 0
-164 -135 25 43 box44 0 0 0
-99 -146 68 48 box45 0 0 0
-60 -19 70 77 box46 0 0 0
61 -114 62 76 box47 0 0 0
-100 145 49 51 box48 0 0 0
40 127 67 49 box49 0 0 0
181 53 47 71 box50 0 0 0
76 81 81 79 box51 0 0 0
141 -84 53 52 box52 0 0 0
-159 -34 56 74 box53 0 0 0
-24 92 74 64 box54 0 0 0
121 83 66 22 box55 0 0 0
155 10 49 24 box56 0 0 0
86 -4 61 62 box57 0 0 0
-120 167 73 75 box58 0 0 0
18 -145 48 81 box59 0 0 0
-114 -22 40 52 box60 0 0 0
153 -24 49 70 box61 0 0 0
-54 -116 81 30 box62 0 0 0
52 47 21 21 box63 0 0 0
110 91 40 46 box64 0 0 0
73 72 33 72 box65 0 0 0
84 132 26 25 box66 0 0 0
106 52 34 34 box67 0 0 0
-168 -45 79 78 box68 0 0 0
-44 -93 63 38 box69 0 0 0
111 114 46 38 box70 0 0 0
-123 -196 32 80 box71 0 0 0
-103 128 29 45 box72 0 0 0
41 -130 71 30 box73 0 0 0
196 -97 35 27 box74 0 0 0
-113 54 63 69 box75 0 0 0
79 101 61 59 box76 0 0 0
-178 39 34 40 box77 0 0 0
80 -153 67 53 box78 0 0 0
22 35 41 63 box79 0 0 0
-143 -136 50 73 box80 0 0 0
126 23 66 40 box81 0 0 0
-146 11 39 56 box82 0 0 0
7 -28 36 43 box83 0 0 0
-43 -21 50 44 box84 0 0 0
-89 -169 43 36 box85 0 0 0
69 71 52 65 box86 0 0 0
89 178 49 78 box87 0 0 0
-72 -16 52 61 box88 0 0 0
-39 42 81 30 box89 0 0 0
68 -63 54 52 box90 0 0 0
132 -195 37 60 box91 0 0 0
19 168 37 80 box92 0 0 0
-102 138 63 48 box93 0 0 0
127 -192 30 64 box94 0 0 0
83 -25 56 66 box95 0 0 0
197 78 38 66 box96 0 0 0
-132 -199 51 25 box97 0 0 0
-135 162 68 66 box98 0 0 0
-25 -198 56 52 box99 0 0 0
-174 18 44 34 box100 0 0 0
-46 51 61 64 box101 0 0 0
16 -88 70 43 box102 0 0 0
75 -76 21 27 box103 0 0 0
8 111 34 24 box104 0 0 0
-172 -136 65 39 box105 0 0 0
-180 -9 48 52 box106 0 0 0
-21 -140 38 71 box107 0 0 0
78 31 62 41 box108 0 0 0
-177 195 54 21 box109 0 0 0
143 -189 44 50 box110 0 0 0
31 96 62 53 box111 0 0 0
-186 -151 80 32 box112 0 0 0
-60 46 58 28 box113 0 0 0
21 182 42 72 box114 0 0 0
190 -97 36 46 box115 0 0 0
126 160 35 67 box116 0 0 0
78 -19 37 61 box117 0 0 0
-154 -116 27 54 box118 0 0 0
-198 -130 57 47 box119 0 0 0
-167 75 43 72 box120 0 0 0
-151 190 22 25 box121 0 0 0
-2 108 77 36 box122 0 0 0
-56 108 51 66 box123 0 0 0
69 73 67 23 box124 0 0 0
-108 -112 55 60 box125 0 0 0
47 -52 34 35 box126 0 0 0
61 -134 66 30 box127 0 0 0
-181 65 28 78 box128 0 0 0
-6 49 76 22 box129 0 0 0
38 89 51 24 box130 0 0 0
-23 8 68 24 box131 0 0 0
-23 191 49 41 box132 0 0 0
-22 98 33 31 box133 0 0 0
-51 176 79 36 box134 0 0 0
-172 -151 53 30 box135 0 0 0
7 -158 72 43 box136 0 0 0
-31 -69 64 56 box137 0 0 0
149 104 72 63 box138 0 0 0
-44 175 57 43 box139 0 0 0
16 -18 45 35 box140 0 0 0
-167 -31 49 38 box141 0 0 0
-158 -114 69 53 box142 0 0 0
68 146 35 64 box143 0 0 0
-95 -47 25 49 box144 0 0 0
-107 118 50 21 box145 0 0 0
-94 66 46 32 box146 0 0 0
186 -147 69 78 box147 0 0 0
-132 43 24 42 box148 0 0 0
-83 4 71 71 box149 0 0 0
91 -68 69 59 box150 0 0 0
-182 -184 30 67 box151 0 0 0
-176 8 77 34 box152 0 0 0
-118 -165 63 64 box153 0 0 0
-2 -96 64 44 box154 0 0 0
-120 -107 47 49 box155 0 0 0
145 191 48 23 box156 0 0 0
10 -188 66 57 box157 0 0 0
129 -68 35 53 box158 0 0 0
-28 -39 81 79 box159 0 0 0
141 147 40 30 box160 0 0 0
200 56 49 77 box161 0 0 0
76 126 54 55 box162 0 0 0
-137 179 71 30 box163 0 0 0
-184 -63 27 26 box164 0 0 0
8 -192 55 73 box165 0 0 0
7 70 65 63 box166 0 0 0
-191 -124 61 42 box167 0 0 0
-174 -144 77 34 box168 0 0 0
-48 34 31 22 box169 0 0 0
77 105 64 25 box170 0 0 0
36 171 77 47 box171 0 0 0
2 133 77 57 box172 0 0 0
90 8 50 30 box173 0 0 0
191 30 37 53 box174 0 0 0
80 67 26 54 box175 0 0 0
44 67 51 55 box176 0 0 0
36 -24 30 51 box177 0 0 0
93 -188 24 52 box178 0 0 0
-72 -186 35 27 box179 0 0 0
-47 21 57 58 box180 0 0 0
175 109 52 50 box181 0 0 0
60 79 45 50 box182 0 0 0
-8 84 53 37 box183 0 0 0
42 -88 63 53 box184 0 0 0
176 -106 46 57 box185 0 0 0
113 169 62 71 box186 0 0 0
11 -108 29 75 box187 0 0 0
-100 61 21 78 box188 0 0 0
-90 144 38 79 box189 0 0 0
3 -151 46 63 box190 0 0 0
-25 -157 67 27 box191 0 0 0
-24 -62 39 67 box192 0 0 0
-65 -68 24 55 box193 0 0 0
-6 -119 27 80 box194 0 0 0
146 -3 43 70 box195 0 0 0
-135 -137 24 30 box196 0 0 0
-13 -48 74 46 box197 0 0 0
-35 61 39 24 box198 0 0 0
126 159 77 75 box199 0 0 0
108 -132 55 22 box200 0 0 0
122 9 73 37 box201 0 0 0
148 35 44 70 box202 0 0 0
10 176 46 56 box203 0 0 0
100 153 41 32 box204 0 0 0
97 88 74 25 box205 0 0 0
84 152 42 26 box206 0 0 0
-136 -33 26 62 box207 0 0 0
25 126 74 67 box208 0 0 0
54 159 74 50 box209 0 0 0
-155 -49 44 62 box210 0 0 0
-152 -170 29 50 box211 0 0 0
84 -105 44 80 box212 0 0 0
52 73 76 43 box213 0 0 0
144 118 47 25 box214 0 0 0
-1 -6 48 51 box215 0 0 0
97 174 39 29 box216 0 0 0
-156 -168 80 45 box217 0 0 0
-105 186 71 33 box218 0 0 0
-149 -122 41 56 box219 0 0 0
-24 34 47 43 box220 0 0 0
-47 40 47 30 box221 0 0 0
68 199 63 45 box222 0 0 0
140 128 69 43 box223 0 0 0
-197 -8 59 60 box224 0 0 0
58 120 44 42 box225 0 0 0
-44 -66 63 29 box226 0 0 0
-84 67 73 40 box227 0 0 0
-143 41 21 77 box228 0 0 0
-47 7 42 37 box229 0 0 0
-84 134 28 59 box230 0 0 0
-181 -17 43 30 box231 0 0 0
103 67 21 69 box232 0 0 0
24 -85 46 40 box233 0 0 0
6 88 72 35 box234 0 0 0
-14 -51 24 25 box235 0 0 0
-119 27 71 46 box236 0 0 0
136 -83 32 42 box237 0 0 0
174 36 43 49 box238 0 0 0
51 178 45 24 box239 0 0 0
-22 38 66 73 box240 0 0 0
-148 -159 61 71 box241 0 0 0
33 64 80 22 box242 0 0 0
169 -122 80 52 box243 0 0 0
-89 88 57 72 box244 0 0 0
134 64 65 60 box245 0 0 0
-60 14 61 40 box246 0 0 0
148 -23 76 37 box247 0 0 0
181 -153 46 72 box248 0 0 0
185 -67 53 53 box249 0 0 0
128 172 61 35 box250 0 0 0
177 39 28 36 box251 0 0 0
155 -122 30 71 box252 0 0 0
41 49 72 61 box253 0 0 0
-43 149 61 28 box254 0 0 0
-200 71 59 48 box255 0 0 0
30 -188 42 73 box256 0 0 0
-52 65 56 24 box257 0 0 0
98 -88 48 31 box258 0 0 0
-164 159 81 57 box259 0 0 0
-187 77 50 55 box260 0 0 0
159 -26 63 33 box261 0 0 0
-7 -91 78 35 box262 0 0 0
182 -9 28 79 box263 0 0 0
143 -113 21 68 box264 0 0 0
-180 184 60 55 box265 0 0 0
-146 -149 71 51 box266 0 0 0
63 2 53 28 box267 0 0 0
162 68 37 44 box268 0 0 0
-44 133 35 28 box269 0 0 0
92 59 33 72 box270 0 0 0
-191 -158 32 43 box271 0 0 0
112 88 61 56 box272 0 0 0
-60 -137 38 31 box273 0 0 0
-111 69 45 75 box274 0 0 0
32 -63 47 63 box275 0 0 0
134 117 72 38 box276 0 0 0
-94 -132 53 25 box277 0 0 0
200 100 28 31 box278 0 0 0
-30 110 34 47 box279 0 0 0
-187 172 27 37 box280 0 0 0
-7 117 36 34 box281 0 0 0
-87 -48 33 77 box282 0 0 0
106 47 56 42 box283 0 0 0
164 -121 27 69 box284 0 0 0
79 -193 66 27 box285 0 0 0
158 62 42 44 box286 0 0 0
-114 -68 22 76 box287 0 0 0
114 -43 65 71 box288 0 0 0
151 -149 41 78 box289 0 0 0
-55 -59 25 55 box290 0 0 0
111 138 51 70 box291 0 0 0
57 -26 42 42 box292 0 0 0
-88 168 59 66 box293 0 0 0
-137 111 36 58 box294 0 0 0
142 -74 58 28 box295 0 0 0
-51 -147 36 28 box296 0 0 0
-119 100 25 48 box297 0 0 0
186 -106 33 62 box298 0 0 0
-168 142 30 28 box299 0 0 0
124 178 23 24 box300 0 0 0
132 -144 69 34 box301 0 0 0
-40 40 60 24 box302 0 0 0
195 125 46 22 box303 0 0 0
-157 190 73 61 box304 0 0 0
134 -105 64 56 box305 0 0 0
-111 -109 21 48 box306 0 0 0
-36 174 22 52 box307 0 0 0
-50 144 69 58 box308 0 0 0
-67 50 60 60 box309 0 0 0
-97 -190 81 33 box310 0 0 0
57 24 43 28 box311 0 0 0
-20 -145 56 54 box312 0 0 0
-7 155 25 43 box313 0 0 0
-160 -81 72 76 box314 0 0 0
131 189 70 69 box315 0 0 0
136 -21 60 63 box316 0 0 0
127 -13 32 45 box317 0 0 0
173 -13 44 52 box318 0 0 0
-109 160 81 29 box319 0 0 0
-17 76 38 45 box320 0 0 0
96 -188 39 32 box321 0 0 0
126 -90 64 45 box322 0 0 0
114 89 56 59 box323 0 0 0
120 -200 59 42 box324 0 0 0
-11 -3 53 40 box325 0 0 0
144 -145 45 44 box326 0 0 0
139 -178 48 67 box327 0 0 0
-83 185 81 81 box328 0 0 0
97 -60 69 33 box329 0 0 0
40 17 36 33 box330 0 0 0
30 6 66 58 box331 0 0 0
196 120 54 29 box332 0 0 0
-158 10 36 55 box333 0 0 0
-66 72 25 72 box334 0 0 0
151 -67 29 66 box335 0 0 0
65 -39 56 54 box336 0 0 0
-2 46 77 58 box337 0 0 0
-98 -185 58 41 box338 0 0 0
-191 -132 58 46 box339 0 0 0
27 92 43 43 box340 0 0 0
-50 -166 56 46 box341 0 0 0
-156 -70 62 55 box342 0 0 0
149 13 80 24 box343 0 0 0
-10 -156 81 54 box344 0 0 0
80 -149 49 24 box345 0 0 0
-22 168 47 73 box346 0 0 0
199 20 28 72 box347 0 0 0
-124 66 61 80 box348 0 0 0
-17 -137 29 38 box349 0 0 0
190 39 72 24 box350 0 0 0
171 180 49 38 box351 0 0 0
-16 -28 73 33 box352 0 0 0
-46 104 70 62 box353 0 0 0
89 74 40 31 box354 0 0 0
75 169 31 21 box355 0 0 0
-130 -129 33 61 box356 0 0 0
70 7 40 49 box357 0 0 0
-72 -163 74 48 box358 0 0 0
-141 61 78 74 box359 0 0 0
65 -119 31 21 box360 0 0 0
-134 -157 43 55 box361 0 0 0
186 -102 22 22 box362 0 0 0
155 155 76 54 box363 0 0 0
-131 -5 70 78 box364 0 0 0
33 20 49 66 box365 0 0 0
-67 -131 52 44 box366 0 0 0
132 187 21 39 box367 0 0 0
-18 157 72 36 box368 0 0 0
94 136 46 64 box369 0 0 0
-38 11 53 26 box370 0 0 0
-39 113 37 39 box371 0 0 0
-126 103 58 60 box372 0 0 0
-69 -139 32 48 box373 0 0 0
13 -135 77 45 box374 0 0 0
-188 -133 55 81 box375 0 0 0
-144 -67 39 42 box376 0 0 0
-135 -71 44 60 box377 0 0 0
41 -185 41 25 box378 0 0 0
18 -4 38 36 box379 0 0 0
-24 64 40 21 box380 0 0 0
190 -160 40 79 box381 0 0 0
-60 -134 81 28 box382 0 0 0
-184 185 68 34 box383 0 0 0
-160 -98 47 35 box384 0 0 0
-87 20 74 72 box385 0 0 0
68 23 67 76 box386 0 0 0
142 104 35 81 box387 0 0 0
-96 -50 39 66 box388 0 0 0
197 107 47 60 box389 0 0 0
-15 -159 32 73 box390 0 0 0
1 173 75 38 box391 0 0 0
52 191 54 71 box392 0 0 0
-179 -124 80 67 box393 0 0 0
148 -188 52 43 box394 0 0 0
188 -123 34 57 box395 0 0 0
159 20 26 68 box396 0 0 0
109 84 24 74 box397 0 0 0
-172 198 37 51 box398 0 0 0
75 100 78 63 box399 0 0 0
165 -132 70 38 box400 0 0 0
-7 165 63 45 box401 0 0 0
-133 161 33 54 box402 0 0 0
-51 -95 70 35 box403 0 0 0
64 -66 52 48 box404 0 0 0
43 67 22 70 box405 0 0 0
-49 17 80 66 box406 0 0 0
118 104 48 45 box407 0 0 0
-103 81 34 61 box408 0 0 0
-37 -90 41 39 box409 0 0 0
76 182 68 76 box410 0 0 0
-192 190 24 46 box411 0 0 0
-135 119 21 57 box412 0 0 0
169 -156 54 25 box413 0 0 0
23 -47 50 44 box414 0 0 0
-37 24 78 63 box415 0 0 0
36 -196 38 44 box416 0 0 0
99 26 54 37 box417 0 0 0
-154 -136 42 70 box418 0 0 0
-94 -124 46 60 box419 0 0 0
12 -171 49 44 box420 0 0 0
-161 -3 29 34 box421 0 0 0
-25 -59 81 75 box422 0 0 0
-60 -24 69 80 box423 0 0 0
-80 31 54 29 box424 0 0 0
3 0 65 26 box425 0 0 0
-113 -131 44 43 box426 0 0 0
-94 -134 73 35 box427 0 0 0
158 117 79 36 box428 0 0 0
-87 20 64 52 box429 0 0 0
-5 -59 73 46 box430 0 0 0
-192 167 79 55 box431 0 0 0
200 -40 56 70 box432 0 0 0
-37 -183 54 28 box433 0 0 0
30 188 62 33 box434 0 0 0
26 133 38 39 box435 0 0 0
192 194 56 41 box436 0 0 0
9 -167 70 62 box437 0 0 0
38 -119 33 31 box438 0 0 0
-88 -121 69 74 box439 0 0 0
116 -164 30 36 box440 0 0 0
105 7 44 73 box441 0 0 0
-67 39 68 81 box442 0 0 0
182 129 68 62 box443 0 0 0
137 51 67 45 box444 0 0 0
34 -32 69 50 box445 0 0 0
76 126 54 38 box446 0 0 0
35 -10 75 47 box447 0 0 0
-96 -14 21 61 box448 0 0 0
-164 25 62 61 box449 0 0 0
98 61 80 38 box450 0 0 0
113 -198 26 24 box451 0 0 0
171 -114 68 36 box452 0 0 0
-86 96 39 49 box453 0 0 0
164 170 75 36 box454 0 0 0
101 74 49 49 box455 0 0 0
-117 3 75 71 box456 0 0 0
184 190 77 30 box457 0 0 0
-95 -42 68 68 box458 0 0 0
111 -18 46 59 box459 0 0 0
59 97 71 37 box460 0 0 0
112 -128 28 69 box461 0 0 0
197 -170 46 72 box462 0 0 0
54 178 47 78 box463 0 0 0
120 -49 36 71 box464 0 0 0
-184 -109 26 73 box465 0 0 0
-183 182 71 74 box466 0 0 0
5 100 81 46 box467 0 0 0
-116 -39 27 43 box468 0 0 0
-162 -119 44 71 box469 0 0 0
160 187 70 46 box470 0 0 0
127 90 48 46 box471 0 0 0
37 41 61 81 box472 0 0 0
96 -199 59 28 box473 0 0 0
159 71 41 35 box474 0 0 0
-19 72 36 29 box475 0 0 0
82 40 63 25 box476 0 0 0
152 -119 34 65 box477 0 0 0
115 184 64 66 box478 0 0 0
-122 -114 22 72 box479 0 0 0
105 -113 46 37 box480 0 0 0
71 135 24 58 box481 0 0 0
54 -17 27 65 box482 0 0 0
-193 -35 53 27 box483 0 0 0
56 -26 22 35 box484 0 0 0
-68 53 43 54 box485 0 0 0
108 -169 67 23 box486 0 0 0
-126 -12 72 41 box487 0 0 0
-53 142 68 37 box488 0 0 0
126 82 75 74 box489 0 0 0
-35 -128 54 53 box490 0 0 0
-60 90 80 35 box491 0 0 0
-144 -105 69 71 box492 0 0 0
-40 148 57 23 box493 0 0 0
102 -5 80 42 box494 0 0 0
92 -134 74 39 box495 0 0 0
71 -140 38 76 box496 0 0 0
-192 37 78 71 box497 0 0 0
27 -116 22 56 box498 0 0 0
57 -138 25 39 box499 0 0 0
30 -53 33 23 box500 0 0 0
103 -174 37 68 box501 0 0 0
-50 -79 42 80 box502 0 0 0
49 79 42 30 box503 0 0 0
6 26 63 63 box504 0 0 0
123 -17 65 30 box505 0 0 0
-69 -196 47 70 box506 0 0 0
174 25 55 56 box507 0 0 0
196 92 27 52 box508 0 0 0
-22 -10 54 56 box509 0 0 0
-141 90 53 42 box510 0 0 0
35 -187 76 67 box511 0 0 0
3 -36 49 30 box512 0 0 0
78 -187 63 31 box513 0 0 0
-100 179 66 71 box514 0 0 0
-85 -67 60 71 box515 0 0 0
-30 -24 47 24 box516 0 0 0
-47 58 52 33 box517 0 0 0
95 76 52 43 box518 0 0 0
1 -151 46 70 box519 0 0 0
-189 16 28 65 box520 0 0 0
53 20 52 64 box521 0 0 0
5 89 80 64 box522 0 0 0
179 -47 59 32 box523 0 0 0
-5 -79 62 63 box524 0 0 0
140 -4 69 31 box525 0 0 0
-20 -107 22 53 box526 0 0 0
149 -65 48 62 box527 0 0 0
-125 39 42 71 box528 0 0 0
-31 -180 72 29 box529 0 0 0
170 143 71 22 box530 0 0 0
190 -90 65 27 box531 0 0 0
132 113 21 69 box532 0 0 0
42 -194 54 59 box533 0 0 0
-189 -75 56 40 box534 0 0 0
61 126 65 65 box535 0 0 0
75 -148 67 40 box536 0 0 0
-199 -159 55 74 box537 0 0 0
-116 47 35 74 box538 0 0 0
-165 -49 57 70 box539 0 0 0
-44 59 69 24 box540 0 0 0
193 37 79 41 box541 0 0 0
146 -100 49 30 box542 0 0 0
149 86 23 25 box543 0 0 0
116 -126 23 35 box544 0 0 0
73 -123 60 42 box545 0 0 0
-91 -73 22 80 box546 0 0 0
-109 65 34 77 box547 0 0 0
-176 115 38 60 box548 0 0 0
-46 -128 66 36 box549 0 0 0
13 -191 38 50 box550 0 0 0
174 188 56 75 box551 0 0 0
-62 148 21 32 box552 0 0 0
-75 -110 52 70 box553 0 0 0
-112 18 32 32 box554 0 0 0
58 158 51 38 box555 0 0 0
-145 -59 32 63 box556 0 0 0
-167 -183 42 35 box557 0 0 0
-81 28 44 42 box558 0 0 0
147 -84 77 40 box559 0 0 0
99 65 69 77 box560 0 0 0
6 118 70 39 box561 0 0 0
31 -71 27 24 box562 0 0 0
76 -122 47 52 box563 0 0 0
-71 17 81 58 box564 0 0 0
-198 193 53 60 box565 0 0 0
51 -124 38 31 box566 0 0 0
-23 172 29 45 box567 0 0 0
149 -122 67 69 box568 0 0 0
148 130 41 55 box569 0 0 0
41 -167 70 27 box570 0 0 0
-33 98 40 61 box571 0 0 0
2 3 75 31 box572 0 0 0
-19 -93 45 48 box573 0 0 0
182 184 50 31 box574 0 0 0
74 6 76 57 box575 0 0 0
-40 97 80 42 box576 0 0 0
-48 186 71 27 box577 0 0 0
-147 -159 68 69 box578 0 0 0
112 -48 42 29 box579 0 0 0
-103 -162 22 28 box580 0 0 0
82 86 26 56 box581 0 0 0
173 35 56 81 box582 0 0 0
31 -175 37 43 box583 0 0 0
-98 -105 70 80 box584 0 0 0
-90 -147 23 60 box585 0 0 0
32 62 53 42 box586 0 0 0
168 152 25 31 box587 0 0 0
141 -7 79 26 box588 0 0 0
39 -151 47 28 box589 0 0 0
-41 -147 61 46 box590 0 0 0
70 -97 49 55 box591 0 0 0
112 -125 35 30 box592 0 0 0
54 40 50 26 box593 0 0 0
-188 -63 68 76 box594 0 0 0
-35 173 37 35 box595 0 0 0
-37 120 29 56 box596 0 0 0
37 125 62 52 box597 0 0 0
130 64 54 44 box598 0 0 0
102 -123 28 55 box599 0 0 0
29 81 58 37 box600 0 0 0
108 -153 44 24 box601 0 0 0
-151 -182 31 69 box602 0 0 0
-62 -88 72 34 box603 0 0 0
-148 3 37 39 box604 0 0 0
-86 -156 52 29 box605 0 0 0
193 129 76 62 box606 0 0 0
-77 -110 61 30 box607 0 0 0
-121 80 27 26 box608 0 0 0
-185 -150 32 35 box609 0 0 0
139 143 38 43 box610 0 0 0
-9 -120 61 63 box611 0 0 0
-183 106 34 21 box612 0 0 0
154 -106 64 32 box613 0 0 0
-175 151 60 24 box614 0 0 0
28 175 77 75 box615 0 0 0
-56 -71 53 31 box616 0 0 0
187 -135 64 81 box617 0 0 0
-136 58 61 78 box618 0 0 0
-171 111 32 48 box619 0 0 0
-1 -148 51 41 box620 0 0 0
-47 -54 59 65 box621 0 0 0
175 110 21 73 box622 0 0 0
2 -32 44 60 box623 0 0 0
15 50 44 49 box624 0 0 0
176 108 67 37 box625 0 0 0
111 -165 61 55 box626 0 0 0
164 -79 24 29 box627 0 0 0
-11 88 21 66 box628 0 0 0
49 -175 58 63 box629 0 0 0
-3 199 67 56 box630 0 0 0
109 -191 39 49 box631 0 0 0
185 -34 30 34 box632 0 0 0
-53 134 57 32 box633 0 0 0
32 127 24 49 box634 0 0 0
109 -42 47 40 box635 0 0 0
-81 165 39 52 box636 0 0 0
46 -140 36 78 box637 0 0 0
194 1 75 50 box638 0 0 0
-200 -90 81 76 box639 0 0 0
-190 -182 24 76 box640 0 0 0
-139 14 78 39 box641 0 0 0
-84 -54 26 79 box642 0 0 0
-22 64 48 56 box643 0 0 0
180 7 51 43 box644 0 0 0
75 15 46 23 box645 0 0 0
122 -160 79 56 box646 0 0 0
74 57 27 70 box647 0 0 0
-176 54 52 31 box648 0 0 0
-50 98 60 61 box649 0 0 0
-154 96 57 77 box650 0 0 0
-115 -176 56 43 box651 0 0 0
188 -130 70 37 box652 0 0 0
162 26 23 50 box653 0 0 0
197 80 28 70 box654 0 0 0
-5 -200 33 25 box655 0 0 0
-33 -200 27 80 box656 0 0 0
-30 39 76 40 box657 0 0 0
-188 122 58 34 box658 0 0 0
-39 -94 49 33 box659 0 0 0
-48 58 81 56 box660 0 0 0
-104 -28 63 34 box661 0 0 0
-92 182 22 42 box662 0 0 0
-8 -147 62 34 box663 0 0 0
-89 -146 55 62 box664 0 0 0
87 88 68 36 box665 0 0 0
-40 199 30 32 box666 0 0 0
-153 -138 71 24 box667 0 0 0
-90 48 56 42 box668 0 0 0
182 -57 51 29 box669 0 0 0
-92 8 56 73 box670 0 0 0
-79 182 21 73 box671 0 0 0
-110 163 36 78 box672 0 0 0
-104 161 28 43 box673 0 0 0
6 -194 46 40 box674 0 0 0
-88 33 71 77 box675 0 0 0
175 149 27 76 box676 0 0 0
6 142 29 29 box677 0 0 0
55 -143 64 59 box678 0 0 0
148 147 36 58 box679 0 0 0
-191 11 79 43 box680 0 0 0
174 20 79 39 box681 0 0 0
92 31 48 32 box682 0 0 0
-132 109 54 54 box683 0 0 0
-66 -190 50 67 box684 0 0 0
189 -6 71 68 box685 0 0 0
-145 -189 43 73 box686 0 0 0
-55 92 60 41 box687 0 0 0
-62 -104 29 70 box688 0 0 0
-62 -160 76 32 box689 0 0 0
9 -107 52 33 box690 0 0 0
-127 -174 51 80 box691 0 0 0
1 11 42 43 box692 0 0 0
-69 -90 58 48 box693 0 0 0
198 -2 74 77 box694 0 0 0
130 -22 23 37 box695 0 0 0
83 -140 79 73 box696 0 0 0
45 175 70 77 box697 0 0 0
180 -186 44 31 box698 0 0 0
-91 -86 38 54 box699 0 0 0
-108 -200 29 22 box700 0 0 0
-157 46 33 30 box701 0 0 0
-137 44 54 44 box702 0 0 0
38 -19 63 65 box703 0 0 0
-78 -143 75 27 box704 0 0 0
52 188 57 29 box705 0 0 0
52 -149 77 75 box706 0 0 0
-189 43 62 23 box707 0 0 0
40 -107 70 31 box708 0 0 0
-81 -173 30 50 box709 0 0 0
125 73 51 29 box710 0 0 0
12 163 47 35 box711 0 0 0
-12 -101 70 34 box712 0 0 0
-84 61 33 34 box713 0 0 0
-73 -164 43 21 box714 0 0 0
150 145 33 63 box715 0 0 0
-2 -97 52 78 box716 0 0 0
-157 -88 55 33 box717 0 0 0
-155 161 72 58 box718 0 0 0
-198 131 34 22 box719 0 0 0
142 157 60 60 box720 0 0 0
-199 147 35 26 box721 0 0 0
-101 145 48 52 box722 0 0 0
38 -6 66 21 box723 0 0 0
-96 -134 74 54 box724 0 0 0
131 191 51 63 box725 0 0 0
48 76 22 37 box726 0 0 0
-128 -32 81 35 box727 0 0 0
-145 -31 32 27 box728 0 0 0
-64 -28 62 49 box729 0 0 0
-76 53 44 67 box730 0 0 0
-10 -31 60 55 box731 0 0 0
-173 -27 49 57 box732 0 0 0
46 -10 80 35 box733 0 0 0
-140 6 47 80 box734 0 0 0
197 -30 70 61 box735 0 0 0
14 -122 39 68 box736 0 0 0
176 -122 22 29 box737 0 0 0
-79 93 41 50 box738 0 0 0
196 106 48 22 box739 0 0 0
64 63 31 27 box740 0 0 0
-101 112 53 48 box741 0 0 0
11 -139 60 57 box742 0 0 0
-143 134 76 57 box743 0 0 0
83 -120 24 50 box744 0 0 0
-48 80 72 45 box745 0 0 0
-99 161 35 31 box746 0 0 0
107 170 70 55 box747 0 0 0
20 -5 23 53 box748 0 0 0
113 37 76 30 box749 0 0 0
-186 88 52 45 box750 0 0 0
-177 -196 25 24 box751 0 0 0
-156 191 44 35 box752 0 0 0
-193 -55 46 71 box753 0 0 0
177 -74 54 41 box754 0 0 0
159 58 53 43 box755 0 0 0
-110 -139 76 23 box756 0 0 0
-112 43 34 55 box757 0 0 0
-127 -33 32 59 box758 0 0 0
112 79 23 35 box759 0 0 0
16 133 49 60 box760 0 0 0
186 92 76 41 box761 0 0 0
28 186 79 57 box762 0 0 0
56 -190 51 54 box763 0 0 0
100 -84 44 51 box764 0 0 0
-23 -79 77 21 box765 0 0 0
-73 102 80 47 box766 0 0 0
-163 -198 73 48 box767 0 0 0
-11 -24 42 62 box768 0 0 0
-193 21 40 45 box769 0 0 0
113 -2 53 38 box770 0 0 0
22 146 43 41 box771 0 0 0
-139 147 81 27 box772 0 0 0
-91 -195 56 74 box773 0 0 0
48 -163 70 76 box774 0 0 0
192 103 33 72 box775 0 0 0
-131 199 61 42 box776 0 0 0
109 -108 54 54 box777 0 0 0
-75 -165 54 33 box778 0 0 0
-41 172 29 51 box779 0 0 0
-161 -55 56 67 box780 0 0 0
-51 72 27 48 box781 0 0 0
170 21 77 64 box782 0 0 0
67 80 22 68 box783 0 0 0
-97 144 29 69 box784 0 0 0
-152 -15 66 51 box785 0 0 0
-198 5 58 22 box786 0 0 0
-88 -26 32 78 box787 0 0 0
172 112 47 51 box788 0 0 0
-171 -168 59 78 box789 0 0 0
-185 83 47 52 box790 0 0 0
-39 -169 37 43 box791 0 0 0
-101 -51 74 31 box792 0 0 0
-7 -162 25 79 box793 0 0 0
-96 -44 32 58 box794 0 0 0
196 -121 56 48 box795 0 0 0
-132 -53 21 67 box796 0 0 0
-62 -161 49 63 box797 0 0 0
186 -112 60 31 box798 0 0 0
162 125 72 36 box799 0 0 0
-196 27 48 37 box800 0 0 0
5 -21 75 24 box801 0 0 0
-52 166 53 59 box802 0 0 0
-187 191 24 42 box803 0 0 0
17 140 48 79 box804 0 0 0
-18 144 22 73 box805 0 0 0
139 -198 27 42 box806 0 0 0
-197 51 61 66 box807 0 0 0
56 -97 57 50 box808 0 0 0
-184 -143 66 50 box809 0 0 0
162 -82 74 80 box810 0 0 0
-156 29 29 64 box811 0 0 0
-20 110 74 65 box812 0 0 0
83 -36 71 70 box813 0 0 0
137 10 45 56 box814 0 0 0
-23 95 66 37 box815 0 0 0
184 97 62 46 box816 0 0 0
-35 138 23 27 box817 0 0 0
156 74 46 38 box818 0 0 0
147 -101 63 61 box819 0 0 0
-32 -193 58 50 box820 0 0 0
-70 -150 52 45 box821 0 0 0
-30 -7 69 41 box822 0 0 0
142 -180 21 45 box823 0 0 0
23 44 71 47 box824 0 0 0
-56 -29 69 27 box825 0 0 0
-6 -10 49 55 box826 0 0 0
-195 -168 40 44 box827 0 0 0
-104 55 78 32 box828 0 0 0
-27 -177 58 57 box829 0 0 0
147 155 69 70 box830 0 0 0
-180 118 26 29 box831 0 0 0
-37 -114 25 39 box832 0 0 0
110 44 35 80 box833 0 0 0
22 155 55 67 box834 0 0 0
54 -112 34 46 box835 0 0 0
0 -159 66 47 box836 0 0 0
171 113 28 68 box837 0 0 0
131 -182 79 70 box838 0 0 0
-130 25 28 25 box839 0 0 0
16 -93 29 56 box840 0 0 0
192 56 25 76 box841 0 0 0
-143 105 74 52 box842 0 0 0
-35 183 29 68 box843 0 0 0
120 182 30 54 box844 0 0 0
-95 165 67 46 box845 0 0 0
-163 -18 46 65 box846 0 0 0
59 117 61 58 box847 0 0 0
-82 20 81 62 box848 0 0 0
-106 100 21 57 box849 0 0 0
-52 130 32 33 box850 0 0 0
66 161 58 39 box851 0 0 0
88 -69 68 49 box852 0 0 0
-148 -144 33 71 box853 0 0 0
142 -89 69 74 box854 0 0 0
74 116 66 35 box855 0 0 0
112 28 68 77 box856 0 0 0
194 192 76 70 box857 0 0 0
79 146 46 76 box858 0 0 0
-188 52 51 71 box859 0 0 0
-93 26 51 68 box860 0 0 0
-200 10 38 59 box861 0 0 0
124 -175 70 46 box862 0 0 0
17 67 51 42 box863 0 0 0
180 4 40 59 box864 0 0 0
170 180 50 47 box865 0 0 0
12 -181 28 64 box866 0 0 0
-91 -147 67 69 box867 0 0 0
139 -19 62 33 box868 0 0 0
-64 -18 55 70 box869 0 0 0
168 -135 55 81 box870 0 0 0
-165 -44 60 41 box871 0 0 0
-25 -117 45 70 box872 0 0 0
56 -26 24 38 box873 0 0 0
-110 -55 39 52 box874 0 0 0
-125 -64 36 72 box875 0 0 0
119 14 48 44 box876 0 0 0
195 -167 31 27 box877 0 0 0
-127 -93 75 55 box878 0 0 0
100 160 38 75 box879 0 0 0
-135 -104 66 70 box880 0 0 0
125 133 28 47 box881 0 0 0
172 96 67 34 box882 0 0 0
-65 35 56 73 box883 0 0 0
-122 73 56 48 box884 0 0 0
198 -128 63 55 box885 0 0 0
121 -24 37 49 box886 0 0 0
-23 -30 69 41 box887 0 0 0
-138 167 61 29 box888 0 0 0
112 -142 40 79 box889 0 0 0
17 -47 29 77 box890 0 0 0
-48 92 30 54 box891 0 0 0
195 147 79 32 box892 0 0 0
-132 147 44 34 box893 0 0 0
124 168 26 54 box894 0 0 0
-96 -88 76 69 box895 0 0 0
-91 -83 23 34 box896 0 0 0
-46 173 68 23 box897 0 0 0
-109 14 41 57 box898 0 0 0
73 -15 49 55 box899 0 0 0
-116 110 58 48 box900 0 0 0
165 27 37 38 box901 0 0 0
107 -177 69 53 box902 0 0 0
-133 136 69 54 box903 0 0 0
119 -93 74 74 box904 0 0 0
-80 132 48 57 box905 0 0 0
156 153 73 51 box906 0 0 0
164 -89 68 68 box907 0 0 0
106 -130 79 42 box908 0 0 0
-96 80 67 81 box909 0 0 0
133 41 54 29 box910 0 0 0
1 -45 45 34 box911 0 0 0
-65 196 81 29 box912 0 0 0
-23 128 55 73 box913 0 0 0
178 164 37 40 box914 0 0 0
199 -198 26 31 box915 0 0 0
169 -185 73 61 box916 0 0 0
90 79 22 81 box917 0 0 0
-22 -79 26 73 box918 0 0 0
-164 -167 75 49 box919 0 0 0
-81 192 26 51 box920 0 0 0
-69 69 65 45 box921 0 0 0
-129 178 59 25 box922 0 0 0
188 -139 53 68 box923 0 0 0
-122 14 78 35 box924 0 0 0
131 -174 26 51 box925 0 0 0
29 -183 52 48 box926 0 0 0
-23 -129 26 58 box927 0 0 0
38 9 44 61 box928 0 0 0
-51 15 24 64 box929 0 0 0
8 154 75 76 box930 0 0 0
3 -63 27 76 box931 0 0 0
-178 19 38 81 box932 0 0 0
-117 104 81 39 box933 0 0 0
41 141 35 33 box934 0 0 0
108 176 26 78 box935 0 0 0
167 -138 48 60 box936 0 0 0
-100 -20 72 65 box937 0 0 0
3 -93 35 49 box938 0 0 0
70 133 81 78 box939 0 0 0
-32 35 50 56 box940 0 0 0
68 -158 59 62 box941 0 0 0
-79 100 63 73 box942 0 0 0
-74 95 38 37 box943 0 0 0
63 -60 59 22 box944 0 0 0
-150 -5 60 40 box945 0 0 0
-82 -53 30 56 box946 0 0 0
114 126 59 45 box947 0 0 0
98 -98 49 61 box948 0 0 0
3 -173 73 50 box949 0 0 0
-76 140 53 42 box950 0 0 0
-109 -37 81 57 box951 0 0 0
50 150 27 24 box952 0 0 0
82 -143 45 69 box953 0 0 0
121 -129 41 57 box954 0 0 0
153 -162 55 24 box955 0 0 0
9 157 66 64 box956 0 0 0
6 -166 71 67 box957 0 0 0
-17 180 51 44 box958 0 0 0
-150 -33 76 47 box959 0 0 0
182 -182 37 48 box960 0 0 0
-149 -156 51 67 box961 0 0 0
-130 114 70 52 box962 0 0 0
-102 57 33 56 box963 0 0 0
-63 -199 66 58 box964 0 0 0
6 164 64 73 box965 0 0 0
53 -10 28 65 box966 0 0 0
-194 -195 32 27 box967 0 0 0
11 -108 41 26 box968 0 0 0
176 -180 50 32 box969 0 0 0
-7 -57 56 41 box970 0 0 0
-1 -132 38 80 box971 0 0 0
-187 -12 73 34 box972 0 0 0
14 -72 73 67 box973 0 0 0
-60 106 62 54 box974 0 0 0
25 -43 40 81 box975 0 0 0
-28 -101 52 55 box976 0 0 0
86 -99 37 59 box977 0 0 0
-124 -9 78 31 box978 0 0 0
164 129 76 64 box979 0 0 0
43 32 39 29 box980 0 0 0
25 -40 35 79 box981 0 0 0
145 -80 60 42 box982 0 0 0
106 199 70 57 box983 0 0 0
200 114 32 62 box984 0 0 0
138 100 50 36 box985 0 0 0
112 183 57 29 box986 0 0 0
-175 6 53 78 box987 0 0 0
-166 45 77 23 box988 0 0 0
-113 125 34 64 box989 0 0 0
-41 -6 80 43 box990 0 0 0
3 -93 45 73 box991 0 0 0
-149 -132 71 65 box992 0 0 0
4 196 75 64 box993 0 0 0
-68 197 32 37 box994 0 0 0
157 -95 75 75 box995 0 0 0
-128 -159 32 43 box996 0 0 0
-41 135 21 65 box997 0 0 0
31 186 75 64 box998 0 0 0
-47 43 35 78 box999 0 0 0
104 -91 67 27 box1000 0 0 0
-45 29 43 39 box1001 0 0 0
-177 -150 21 46 box1002 0 0 0
-52 -139 27 47 box1003 0 0 0
122 -85 62 31 box1004 0 0 0
150 10 33 27 box1005 0 0 0
-75 -123 32 23 box1006 0 0 0
-8 82 29 31 box1007 0 0 0
107 110 45 66 box1008 0 0 0
-118 -51 60 42 box1009 0 0 0
-200 -159 38 27 box1010 0 0 0
11 -48 43 33 box1011 0 0 0
198 -84 47 35 box1012 0 0 0
95 5 21 25 box1013 0 0 0
44 19 48 78 box1014 0 0 0
-79 162 47 73 box1015 0 0 0
-127 -80 70 71 box1016 0 0 0
-118 43 46 43 box1017 0 0 0
-172 -112 40 66 box1018 0 0 0
-66 133 32 64 box1019 0 0 0
128 -198 63 26 box1020 0 0 0
164 161 57 57 box1021 0 0 0
-24 -193 68 49 box1022 0 0 0
-84 -1 60 78 box1023 0 0 0
29 117 51 25 box1024 0 0 0
-54 -83 47 75 box1025 0 0 0
176 70 22 42 box1026 0 0 0
-200 20 77 31 box1027 0 0 0
109 110 40 42 box1028 0 0 0
73 -136 49 59 box1029 0 0 0
-138 -89 61 81 box1030 0 0 0
-14 185 40 52 box1031 0 0 0
-1 126 54 73 box1032 0 0 0
64 -59 63 24 box1033 0 0 0
-141 -21 48 53 box1034 0 0 0
39 32 51 39 box1035 0 0 0
195 -42 57 39 box1036 0 0 0
-170 -33 67 64 box1037 0 0 0
97 138 57 58 box1038 0 0 0
98 29 36 45 box1039 0 0 0
-143 182 56 46 box1040 0 0 0
-97 118 70 33 box1041 0 0 0
-39 -95 26 50 box1042 0 0 0
-188 197 70 53 box1043 0 0 0
-156 99 28 52 box1044 0 0 0
-52 -103 76 70 box1045 0 0 0
-47 -47 31 33 box1046 0 0 0
189 173 65 80 box1047 0 0 0
89 -7 52 54 box1048 0 0 0
22 62 25 30 box1049 0 0 0
-164 152 72 81 box1050 0 0 0
62 10 43 68 box1051 0 0 0
81 -161 68 33 box1052 0 0 0
139 -102 78 30 box1053 0 0 0
-198 179 54 78 box1054 0 0 0
-130 81 70 23 box1055 0 0 0
-158 91 29 47 box1056 0 0 0
-187 -165 49 79 box1057 0 0 0
49 121 26 80 box1058 0 0 0
192 -48 40 76 box1059 0 0 0
117 199 23 54 box1060 0 0 0
153 -112 30 46 box1061 0 0 0
-87 199 48 24 box1062 0 0 0
56 -110 39 74 box1063 0 0 0
-139 121 36 30 box1064 0 0 0
-36 -6 28 78 box1065 0 0 0
-114 -40 45 43 box1066 0 0 0
-85 -42 66 50 box1067 0 0 0
121 39 37 31 box1068 0 0 0
91 122 51 68 box1069 0 0 0
-153 -43 26 43 box1070 0 0 0
-142 -144 29 78 box1071 0 0 0
141 50 45 77 box1072 0 0 0
112 -166 54 67 box1073 0 0 0
13 48 64 28 box1074 0 0 0
132 26 31 41 box1075 0 0 0
36 -112 34 35 box1076 0 0 0
-139 120 60 61 box1077 0 0 0
60 104 69 33 box1078 0 0 0
89 -178 32 35 box1079 0 0 0
62 -2 25 68 box1080 0 0 0
-179 -27 69 76 box1081 0 0 0
2 163 38 81 box1082 0 0 0
-159 -13 28 69 box1083 0 0 0
-109 -186 57 38 box1084 0 0 0
-5 100 29 66 box1085 0 0 0
63 82 54 50 box1086 0 0 0
-107 5 51 47 box1087 0 0 0
23 -75 25 26 box1088 0 0 0
-49 45 30 71 box1089 0 0 0
-180 -118 41 62 box1090 0 0 0
157 -54 67 27 box1091 0 0 0
-65 -169 38 63 box1092 0 0 0
179 -54 30 26 box1093 0 0 0
46 172 37 26 box1094 0 0 0
-62 -81 50 25 box1095 0 0 0
-176 192 77 63 box1096 0 0 0
188 78 65 35 box1097 0 0 0
1 -30 68 56 box1098 0 0 0
132 45 36 42 box1099 0 0 0
3 -43 34 33 box1100 0 0 0
-73 89 23 27 box1101 0 0 0
-134 94 50 48 box1102 0 0 0
-165 149 49 22 box1103 0 0 0
11 167 70 44 box1104 0 0 0
-122 16 37 55 box1105 0 0 0
55 14 78 65 box1106 0 0 0
-140 23 58 48 box1107 0 0 0
172 -93 43 64 box1108 0 0 0
-178 -101 57 64 box1109 0 0 0
150 124 43 62 box1110 0 0 0
139 -162 80 81 box1111 0 0 0
-38 61 42 24 box1112 0 0 0
-12 183 48 29 box1113 0 0 0
56 -26 22 49 box1114 0 0 0
65 -66 40 44 box1115 0 0 0
58 142 61 55 box1116 0 0 0
71 -46 44 54 box1117 0 0 0
157 -179 78 43 box1118 0 0 0
133 151 45 40 box1119 0 0 0
132 -180 70 24 box1120 0 0 0
147 -43 34 69 box1121 0 0 0
147 -21 28 45 box1122 0 0 0
-154 -76 40 38 box1123 0 0 0
-31 138 55 22 box1124 0 0 0
74 -167 65 39 box1125 0 0 0
-28 196 50 27 box1126 0 0 0
161 37 48 70 box1127 0 0 0
-148 145 38 54 box1128 0 0 0
-117 68 73 76 box1129 0 0 0
-199 130 72 26 box1130 0 0 0
124 -7 81 31 box1131 0 0 0
58 148 52 26 box1132 0 0 0
-24 139 41 66 box1133 0 0 0
-107 143 21 24 box1134 0 0 0
-87 95 62 70 box1135 0 0 0
-126 23 64 29 box1136 0 0 0
-31 34 79 36 box1137 0 0 0
88 103 64 28 box1138 0 0 0
72 191 58 67 box1139 0 0 0
-167 115 29 25 box1140 0 0 0
-63 72 61 35 box1141 0 0 0
-132 -20 75 67 box1142 0 0 0
36 -114 52 64 box1143 0 0 0
-199 -60 60 23 box1144 0 0 0
-187 113 72 65 box1145 0 0 0
36 -119 59 52 box1146 0 0 0
-162 24 36 27 box1147 0 0 0
118 149 24 39 box1148 0 0 0
-2 -118 23 60 box1149 0 0 0
-176 -89 40 70 box1150 0 0 0
-125 108 55 45 box1151 0 0 0
-73 59 39 27 box1152 0 0 0
-5 -8 50 71 box1153 0 0 0
113 187 81 49 box1154 0 0 0
22 -177 73 21 box1155 0 0 0
-115 28 52 63 box1156 0 0 0
-168 -155 41 47 box1157 0 0 0
-96 -57 47 78 box1158 0 0 0
91 -193 46 72 box1159 0 0 0
198 -196 79 30 box1160 0 0 0
-46 -142 46 62 box1161 0 0 0
-109 90 67 40 box1162 0 0 0
-57 191 61 24 box1163 0 0 0
186 67 21 55 box1164 0 0 0
-66 -118 28 79 box1165 0 0 0
16 144 41 49 box1166 0 0 0
144 154 33 46 box1167 0 0 0
179 -182 72 52 box1168 0 0 0
97 115 67 35 box1169 0 0 0
35 -136 73 81 box1170 0 0 0
-166 -111 55 41 box1171 0 0 0
-67 8 63 52 box1172 0 0 0
-58 105 34 31 box1173 0 0 0
-107 48 77 70 box1174 0 0 0
-131 153 78 64 box1175 0 0 0
-123 91 58 53 box1176 0 0 0
-169 185 63 25 box1177 0 0 0
-76 -3 66 74 box1178 0 0 0
0 84 53 52 box1179 0 0 0
-159 -55 22 78 box1180 0 0 0
68 130 73 73 box1181 0 0 0
147 34 78 63 box1182 0 0 0
4 26 71 63 box1183 0 0 0
189 -10 35 21 box1184 0 0 0
0 -128 51 30 box1185 0 0 0
99 -36 42 36 box1186 0 0 0
174 -2 60 78 box1187 0 0 0
-54 31 52 70 box1188 0 0 0
197 17 79 27 box1189 0 0 0
63 -98 34 24 box1190 0 0 0
56 126 48 79 box1191 0 0 0
159 -4 40 66 box1192 0 0 0
132 24 75 57 box1193 0 0 0
-37 -119 34 45 box1194 0 0 0
-33 149 55 68 box1195 0 0 0
19 56 49 53 box1196 0 0 0
-174 95 68 44 box1197 0 0 0
-183 20 71 73 box1198 0 0 0
149 32 43 31 box1199 0 0 0
128 48 60 65 box1200 0 0 0
-20 -120 26 64 box1201 0 0 0
129 111 51 37 box1202 0 0 0
58 -76 74 58 box1203 0 0 0
169 -168 42 62 box1204 0 0 0
-77 81 31 74 box1205 0 0 0
169 192 39 77 box1206 0 0 0
46 -166 50 23 box1207 0 0 0
-112 -22 71 79 box1208 0 0 0
24 -87 77 33 box1209 0 0 0
-143 -112 58 75 box1210 0 0 0
109 47 40 45 box1211 0 0 0
147 -170 26 65 box1212 0 0 0
-143 30 78 23 box1213 0 0 0
-170 -62 23 54 box1214 0 0 0
45 174 27 77 box1215 0 0 0
122 171 45 64 box1216 0 0 0
-176 -176 49 23 box1217 0 0 0
-4 -53 78 80 box1218 0 0 0
-72 49 69 59 box1219 0 0 0
9 190 61 34 box1220 0 0 0
38 -124 74 34 box1221 0 0 0
1 -144 54 68 box1222 0 0 0
-33 -108 59 35 box1223 0 0 0
-159 52 51 35 box1224 0 0 0
148 -32 78 52 box1225 0 0 0
-174 68 53 69 box1226 0 0 0
-83 146 35 56 box1227 0 0 0
-86 -44 28 40 box1228 0 0 0
-114 -3 75 30 box1229 0 0 0
-138 184 78 50 box1230 0 0 0
82 -150 79 64 box1231 0 0 0
150 -80 53 25 box1232 0 0 0
161 17 37 76 box1233 0 0 0
42 -87 34 59 box1234 0 0 0
105 60 58 47 box1235 0 0 0
20 -112 26 75 box1236 0 0 0
195 109 54 44 box1237 0 0 0
-149 -115 48 63 box1238 0 0 0
-146 86 73 65 box1239 0 0 0
-114 57 67 59 box1240 0 0 0
192 -66 29 48 box1241 0 0 0
59 -45 37 45 box1242 0 0 0
-63 147 60 81 box1243 0 0 0
50 151 40 22 box1244 0 0 0
-198 108 22 40 box1245 0 0 0
126 170 21 49 box1246 0 0 0
-129 181 73 41 box1247 0 0 0
19 -75 37 71 box1248 0 0 0
172 -26 45 45 box1249 0 0 0
-1 -13 47 51 box1250 0 0 0
-136 152 62 35 box1251 0 0 0
179 -50 46 32 box1252 0 0 0
-84 -108 75 63 box1253 0 0 0
137 117 21 52 box1254 0 0 0
-49 -89 76 81 box1255 0 0 0
-68 -136 51 65 box1256 0 0 0
51 52 28 71 box1257 0 0 0
20 94 22 32 box1258 0 0 0
-147 -110 67 51 box1259 0 0 0
28 16 60 79 box1260 0 0 0
132 4 36 25 box1261 0 0 0
-129 -121 44 74 box1262 0 0 0
-185 142 71 67 box1263 0 0 0
-193 -166 50 25 box1264 0 0 0
88 -75 75 30 box1265 0 0 0
168 -114 29 71 box1266 0 0 0
-12 -198 73 40 box1267 0 0 0
192 138 67 34 box1268 0 0 0
32 107 54 71 box1269 0 0 0
-160 48 38 38 box1270 0 0 0
-34 -162 81 68 box1271 0 0 0
-57 39 43 49 box1272 0 0 0
-10 113 32 59 box1273 0 0 0
-112 47 44 23 box1274 0 0 0
17 41 49 67 box1275 0 0 0
-100 -100 49 27 box1276 0 0 0
168 -83 66 23 box1277 0 0 0
3 -36 45 50 box1278 0 0 0
45 138 75 57 box1279 0 0 0
94 -91 68 34 box1280 0 0 0
-49 186 42 23 box1281 0 0 0
-64 126 63 57 box1282 0 0 0
93 141 51 51 box1283 0 0 0
81 169 65 42 box1284 0 0 0
-156 33 41 80 box1285 0 0 0
-181 -173 24 39 box1286 0 0 0
25 -112 41 35 box1287 0 0 0
32 165 62 30 box1288 0 0 0
-151 -43 62 66 box1289 0 0 0
173 -90 53 60 box1290 0 0 0
30 -30 46 27 box1291 0 0 0
19 -199 77 31 box1292 0 0 0
25 195 35 66 box1293 0 0 0
186 -160 48 25 box1294 0 0 0
-72 -193 39 78 box1295 0 0 0
-69 83 23 28 box1296 0 0 0
-195 -33 53 74 box1297 0 0 0
9 178 42 46 box1298 0 0 0
-75 -189 37 31 box1299 0 0 0
18 -33 80 78 box1300 0 0 0
120 -159 60 46 box1301 0 0 0
-105 -127 35 67 box1302 0 0 0
33 175 29 34 box1303 0 0 0
-128 59 26 24 box1304 0 0 0
11 145 57 68 box1305 0 0 0
31 64 74 63 box1306 0 0 0
85 180 33 62 box1307 0 0 0
71 -170 48 64 box1308 0 0 0
75 198 37 31 box1309 0 0 0
-169 140 50 44 box1310 0 0 0
8 148 78 26 box1311 0 0 0
-171 62 63 29 box1312 0 0 0
192 -160 44 60 box1313 0 0 0
181 76 58 66 box1314 0 0 0
-102 -37 25 76 box1315 0 0 0
-150 159 72 58 box1316 0 0 0
104 -25 31 77 box1317 0 0 0
84 -15 26 29 box1318 0 0 0
170 167 57 25 box1319 0 0 0
-181 69 35 76 box1320 0 0 0
-133 128 66 63 box1321 0 0 0
189 -144 54 63 box1322 0 0 0
9 -177 31 76 box1323 0 0 0
188 129 45 65 box1324 0 0 0
137 16 34 25 box1325 0 0 0
-80 -33 53 53 box1326 0 0 0
45 -151 24 23 box1327 0 0 0
-110 150 22 25 box1328 0 0 0
-1 134 43 39 box1329 0 0 0
-58 133 32 28 box1330 0 0 0
-145 -112 59 67 box1331 0 0 0
69 -62 48 57 box1332 0 0 0
-162 -150 41 61 box1333 0 0 0
-25 -30 54 46 box1334 0 0 0
-38 110 74 24 box1335 0 0 0
-94 26 42 26 box1336 0 0 0
58 -15 48 80 box1337 0 0 0
-164 -167 33 73 box1338 0 0 0
133 -51 51 60 box1339 0 0 0
-38 -73 26 52 box1340 0 0 0
-9 67 72 45 box1341 0 0 0
-3 126 54 76 box1342 0 0 0
200 -66 57 57 box1343 0 0 0
-97 -71 50 32 box1344 0 0 0
42 -103 71 59 box1345 0 0 0
-71 -93 30 26 box1346 0 0 0
40 43 72 80 box1347 0 0 0
-134 -19 22 55 box1348 0 0 0
14 -163 78 24 box1349 0 0 0
120 105 52 37 box1350 0 0 0
-112 111 50 53 box1351 0 0 0
-95 0 76 57 box1352 0 0 0
-190 85 39 25 box1353 0 0 0
85 -117 73 81 box1354 0 0 0
-107 -104 70 53 box1355 0 0 0
-88 -194 34 79 box1356 0 0 0
-53 160 78 81 box1357 0 0 0
48 61 78 24 box1358 0 0 0
24 -106 26 33 box1359 0 0 0
-29 -192 77 42 box1360 0 0 0
-140 -10 23 74 box1361 0 0 0
183 83 57 73 box1362 0 0 0
101 -6 23 49 box1363 0 0 0
-150 112 67 35 box1364 0 0 0
62 -83 69 75 box1365 0 0 0
-186 158 71 68 box1366 0 0 0
2 190 75 35 box1367 0 0 0
-37 165 53 30 box1368 0 0 0
181 -200 31 35 box1369 0 0 0
-25 -47 44 40 box1370 0 0 0
-194 -126 42 26 box1371 0 0 0
-56 -146 54 80 box1372 0 0 0
62 185 76 61 box1373 0 0 0
92 -138 65 32 box1374 0 0 0
182 -166 44 31 box1375 0 0 0
198 -8 77 57 box1376 0 0 0
-150 32 50 40 box1377 0 0 0
155 68 80 24 box1378 0 0 0
-182 147 35 46 box1379 0 0 0
76 127 67 66 box1380 0 0 0
-32 150 44 32 box1381 0 0 0
-164 26 22 55 box1382 0 0 0
10 179 31 65 box1383 0 0 0
72 95 50 34 box1384 0 0 0
138 -181 41 63 box1385 0 0 0
-177 145 25 52 box1386 0 0 0
178 98 61 25 box1387 0 0 0
10 106 56 64 box1388 0 0 0
-82 91 44 39 box1389 0 0 0
-14 189 72 74 box1390 0 0 0
133 198 53 38 box1391 0 0 0
193 -5 64 48 box1392 0 0 0
53 102 28 25 box1393 0 0 0
-20 -175 50 64 box1394 0 0 0
-101 -32 44 79 box1395 0 0 0
51 16 33 64 box1396 0 0 0
57 56 46 28 box1397 0 0 0
-19 77 42 21 box1398 0 0 0
29 52 64 40 box1399 0 0 0
-19 31 52 54 box1400 0 0 0
163 -18 41 42 box1401 0 0 0
-122 133 51 73 box1402 0 0 0
6 61 39 50 box1403 0 0 0
-18 -134 58 27 box1404 0 0 0
-101 71 55 62 box1405 0 0 0
-186 -88 70 31 box1406 0 0 0
24 -1 40 25 box1407 0 0 0
33 -153 38 63 box1408 0 0 0
125 75 71 39 box1409 0 0 0
90 -45 35 78 box1410 0 0 0
125 50 37 52 box1411 0 0 0
175 -176 81 39 box1412 0 0 0
-117 61 47 62 box1413 0 0 0
-34 124 25 74 box1414 0 0 0
40 -126 49 46 box1415 0 0 0
92 76 70 40 box1416 0 0 0
167 -64 39 21 box1417 0 0 0
-162 148 74 62 box1418 0 0 0
44 184 34 77 box1419 0 0 0
130 -69 47 38 box1420 0 0 0
63 93 40 58 box1421 0 0 0
-132 93 68 79 box1422 0 0 0
-44 -85 62 72 box1423 0 0 0
11 126 72 57 box1424 0 0 0
32 -15 41 56 box1425 0 0 0
59 -156 73 62 box1426 0 0 0
183 199 74 81 box1427 0 0 0
-55 -134 61 21 box1428 0 0 0
-69 180 28 70 box1429 0 0 0
76 138 56 60 box1430 0 0 0
137 189 81 74 box1431 0 0 0
35 49 58 36 box1432 0 0 0
-33 -54 65 31 box1433 0 0 0
176 -46 26 56 box1434 0 0 0
-48 -110 77 35 box1435 0 0 0
195 182 34 55 box1436 0 0 0
-161 -141 36 50 box1437 0 0 0
-126 133 38 63 box1438 0 0 0
156 107 68 23 box1439 0 0 0
-37 5 58 45 box1440 0 0 0
-197 62 62 70 box1441 0 0 0
16 -40 49 24 box1442 0 0 0
-164 -6 74 36 box1443 0 0 0
157 40 58 41 box1444 0 0 0
-94 -97 79 51 box1445 0 0 0
74 -34 23 47 box1446 0 0 0
-87 127 74 67 box1447 0 0 0
196 -42 75 48 box1448 0 0 0
-66 177 58 45 box1449 0 0 0
-156 18 59 52 box1450 0 0 0
177 -17 73 22 box1451 0 0 0
-111 122 49 56 box1452 0 0 0
-125 187 44 21 box1453 0 0 0
-94 -135 60 52 box1454 0 0 0
-32 -133 30 61 box1455 0 0 0
-130 -55 75 67 box1456 0 0 0
-122 -181 32 53 box1457 0 0 0
-44 35 77 33 box1458 0 0 0
-138 -157 27 31 box1459 0 0 0
-183 104 35 78 box1460 0 0 0
75 161 46 79 box1461 0 0 0
29 73 44 23 box1462 0 0 0
53 -100 24 42 box1463 0 0 0
-34 153 54 75 box1464 0 0 0
-108 -186 34 55 box1465 0 0 0
-100 -58 58 36 box1466 0 0 0
125 -25 51 42 box1467 0 0 0
144 -131 62 28 box1468 0 0 0
-122 13 32 31 box1469 0 0 0
138 -177 56 48 box1470 0 0 0
-157 -44 68 49 box1471 0 0 0
-7 22 31 21 box1472 0 0 0
-93 77 57 48 box1473 0 0 0
6 154 58 66 box1474 0 0 0
-188 -33 69 75 box1475 0 0 0
105 -10 38 52 box1476 0 0 0
-167 181 21 72 box1477 0 0 0
76 21 77 28 box1478 0 0 0
97 -117 38 81 box1479 0 0 0
157 98 39 50 box1480 0 0 0
-50 48 58 41 box1481 0 0 0
116 -69 69 52 box1482 0 0 0
-78 -60 70 43 box1483 0 0 0
187 -136 79 64 box1484 0 0 0
132 -100 65 72 box1485 0 0 0
23 -152 56 54 box1486 0 0 0
124 -35 69 63 box1487 0 0 0
62 140 41 40 box1488 0 0 0
-127 -65 74 61 box1489 0 0 0
-176 -32 56 50 box1490 0 0 0
67 174 50 25 box1491 0 0 0
-3 85 48 22 box1492 0 0 0
-98 8 72 36 box1493 0 0 0
-113 51 50 41 box1494 0 0 0
-70 48 59 27 box1495 0 0 0
114 122 38 77 box1496 0 0 0
104 -104 64 71 box1497 0 0 0
-21 -107 74 24 box1498 0 0 0
-185 -61 25 35 box1499 0 0 0
44 110 36 75 box1500 0 0 0
12 184 65 25 box1501 0 0 0
-115 179 80 79 box1502 0 0 0
125 -1 27 64 box1503 0 0 0
37 163 24 21 box1504 0 0 0
29 4 76 77 box1505 0 0 0
159 -158 23 73 box1506 0 0 0
135 183 54 21 box1507 0 0 0
-197 178 24 47 box1508 0 0 0
-31 45 27 52 box1509 0 0 0
-163 -117 66 69 box1510 0 0 0
-66 144 66 41 box1511 0 0 0
105 183 33 27 box1512 0 0 0
176 52 53 40 box1513 0 0 0
-86 -81 47 66 box1514 0 0 0
48 141 47 50 box1515 0 0 0
-176 166 35 75 box1516 0 0 0
-159 39 61 63 box1517 0 0 0
-67 7 43 65 box1518 0 0 0
1 -6 49 79 box1519 0 0 0
-175 -98 43 73 box1520 0 0 0
167 -154 41 57 box1521 0 0 0
-81 -185 29 57 box1522 0 0 0
173 70 80 48 box1523 0 0 0
74 149 27 45 box1524 0 0 0
34 -163 38 79 box1525 0 0 0
-59 199 58 79 box1526 0 0 0
54 2 65 75 box1527 0 0 0
-161 -132 70 68 box1528 0 0 0
99 93 23 71 box1529 0 0 0
188 -6 46 40 box1530 0 0 0
-184 179 52 28 box1531 0 0 0
61 197 52 33 box1532 0 0 0
48 -2 27 26 box1533 0 0 0
-7 41 65 68 box1534 0 0 0
-172 -160 63 38 box1535 0 0 0
-36 -83 26 29 box1536 0 0 0
-130 -27 73 52 box1537 0 0 0
14 -142 68 56 box1538 0 0 0
-66 193 80 55 box1539 0 0 0
-101 -21 50 34 box1540 0 0 0
-94 25 26 32 box1541 0 0 0
-196 117 79 24 box1542 0 0 0
89 -35 66 73 box1543 0 0 0
47 -112 21 80 box1544 0 0 0
186 18 54 39 box1545 0 0 0
-64 1 77 77 box1546 0 0 0
76 -142 29 44 box1547 0 0 0
200 96 61 76 box1548 0 0 0
119 -125 66 58 box1549 0 0 0
89 -1 29 60 box1550 0 0 0
-108 161 74 74 box1551 0 0 0
-177 38 67 27 box1552 0 0 0
-97 179 57 34 box1553 0 0 0
-38 190 49 81 box1554 0 0 0
116 30 58 77 box1555 0 0 0
75 -48 53 76 box1556 0 0 0
189 -12 58 23 box1557 0 0 0
72 -81 34 30 box1558 0 0 0
-9 112 38 63 box1559 0 0 0
-191 -189 81 44 box1560 0 0 0
-127 -55 78 74 box1561 0 0 0
-186 119 49 52 box1562 0 0 0
87 -30 50 33 box1563 0 0 0
-79 -10 73 50 box1564 0 0 0
-42 127 54 26 box1565 0 0 0
-66 -122 78 41 box1566 0 0 0
-151 -151 52 25 box1567 0 0 0
26 -36 73 55 box1568 0 0 0
191 -77 30 73 box1569 0 0 0
-163 193 67 29 box1570 0 0 0
15 186 71 50 box1571 0 0 0
-75 18 75 38 box1572 0 0 0
73 -95 50 59 box1573 0 0 0
153 55 58 32 box1574 0 0 0
45 -3 50 60 box1575 0 0 0
103 56 30 44 box1576 0 0 0
1 169 69 40 box1577 0 0 0
105 98 33 34 box1578 0 0 0
-159 142 74 40 box1579 0 0 0
-69 174 35 43 box1580 0 0 0
-54 147 56 50 box1581 0 0 0
-138 -33 30 40 box1582 0 0 0
105 -181 70 66 box1583 0 0 0
-94 59 52 35 box1584 0 0 0
130 -138 51 39 box1585 0 0 0
149 127 42 49 box1586 0 0 0
152 188 58 76 box1587 0 0 0
-42 164 30 75 box1588 0 0 0
162 119 78 48 box1589 0 0 0
-175 129 54 47 box1590 0 0 0
148 -116 23 80 box1591 0 0 0
191 188 67 55 box1592 0 0 0
96 179 38 44 box1593 0 0 0
148 143 49 48 box1594 0 0 0
-137 124 47 50 box1595 0 0 0
-114 62 36 70 box1596 0 0 0
-155 -54 66 42 box1597 0 0 0
194 38 38 75 box1598 0 0 0
109 -122 52 54 box1599 0 0 0
40 -146 63 68 box1600 0 0 0
-38 -190 43 42 box1601 0 0 0
-33 -120 33 80 box1602 0 0 0
-157 63 29 23 box1603 0 0 0
179 67 78 46 box1604 0 0 0
-152 -120 27 36 box1605 0 0 0
-81 -75 51 23 box1606 0 0 0
-200 -82 32 67 box1607 0 0 0
-44 -116 60 34 box1608 0 0 0
-178 19 74 52 box1609 0 0 0
3 124 73 25 box1610 0 0 0
-130 120 78 60 box1611 0 0 0
-167 195 34 30 box1612 0 0 0
-20 131 27 37 box1613 0 0 0
195 57 72 61 box1614 0 0 0
15 -114 31 63 box1615 0 0 0
-61 117 46 54 box1616 0 0 0
32 179 60 21 box1617 0 0 0
-193 47 60 35 box1618 0 0 0
29 138 68 60 box1619 0 0 0
-4 -126 50 71 box1620 0 0 0
93 60 54 35 box1621 0 0 0
-73 -42 32 63 box1622 0 0 0
185 -12 36 73 box1623 0 0 0
197 -183 57 53 box1624 0 0 0
49 -155 40 44 box1625 0 0 0
-50 -60 63 57 box1626 0 0 0
52 129 28 67 box1627 0 0 0
3 185 46 34 box1628 0 0 0
151 121 36 52 box1629 0 0 0
116 -9 67 40 box1630 0 0 0
-74 -104 24 21 box1631 0 0 0
-174 73 35 73 box1632 0 0 0
-125 14 43 77 box1633 0 0 0
17 12 75 37 box1634 0 0 0
193 128 31 50 box1635 0 0 0
-102 14 31 41 box1636 0 0 0
114 -114 44 72 box1637 0 0 0
-33 -103 78 69 box1638 0 0 0
-71 -168 34 51 box1639 0 0 0
-143 158 56 56 box1640 0 0 0
-36 196 73 59 box1641 0 0 0
171 88 24 44 box1642 0 0 0
72 -70 81 51 box1643 0 0 0
-149 -25 53 71 box1644 0 0 0
-95 18 64 71 box1645 0 0 0
-10 -179 75 64 box1646 0 0 0
83 -34 25 48 box1647 0 0 0
-192 -198 26 58 box1648 0 0 0
-157 -105 47 37 box1649 0 0 0
111 13 74 48 box1650 0 0 0
-106 142 68 59 box1651 0 0 0
37 176 22 40 box1652 0 0 0
6 -15 67 28 box1653 0 0 0
-18 161 74 75 box1654 0 0 0
24 110 39 73 box1655 0 0 0
-11 -47 62 36 box1656 0 0 0
-113 21 63 77 box1657 0 0 0
54 -127 55 26 box1658 0 0 0
-83 104 69 78 box1659 0 0 0
-170 -180 27 70 box1660 0 0 0
-68 -2 46 43 box1661 0 0 0
109 149 29 22 box1662 0 0 0
-79 -33 44 31 box1663 0 0 0
-20 174 60 33 box1664 0 0 0
-97 90 38 39 box1665 0 0 0
-69 108 44 49 box1666 0 0 0
153 -123 31 79 box1667 0 0 0
-182 77 74 54 box1668 0 0 0
30 -113 80 73 box1669 0 0 0
7 26 37 30 box1670 0 0 0
-109 -16 30 30 box1671 0 0 0
63 172 58 72 box1672 0 0 0
148 92 40 55 box1673 0 0 0
113 62 66 44 box1674 0 0 0
77 84 65 59 box1675 0 0 0
-48 49 31 72 box1676 0 0 0
-176 53 44 34 box1677 0 0 0
100 -29 22 51 box1678 0 0 0
121 35 57 47 box1679 0 0 0
-160 47 35 81 box1680 0 0 0
-75 -101 76 47 box1681 0 0 0
91 39 35 73 box1682 0 0 0
-123 -65 35 51 box1683 0 0 0
-166 121 58 36 box1684 0 0 0
138 -10 23 35 box1685 0 0 0
-25 155 70 24 box1686 0 0 0
40 188 23 52 box1687 0 0 0
48 125 30 58 box1688 0 0 0
147 -144 63 22 box1689 0 0 0
168 149 37 71 box1690 0 0 0
122 -195 68 44 box1691 0 0 0
60 -113 40 29 box1692 0 0 0
-152 -135 57 61 box1693 0 0 0
-47 146 81 43 box1694 0 0 0
-197 -101 61 68 box1695 0 0 0
-60 -140 64 64 box1696 0 0 0
153 -177 57 33 box1697 0 0 0
61 80 65 30 box1698 0 0 0
13 2 79 37 box1699 0 0 0
-143 131 48 25 box1700 0 0 0
-14 -144 50 40 box1701 0 0 0
-189 146 24 49 box1702 0 0 0
163 106 76 59 box1703 0 0 0
-93 116 26 36 box1704 0 0 0
151 138 36 22 box1705 0 0 0
-72 135 59 54 box1706 0 0 0
42 160 57 23 box1707 0 0 0
-144 140 21 40 box1708 0 0 0
85 -10 59 50 box1709 0 0 0
-25 -156 57 30 box1710 0 0 0
-141 -29 50 37 box1711 0 0 0
43 182 21 26 box1712 0 0 0
-4 128 77 33 box1713 0 0 0
-163 119 74 58 box1714 0 0 0
67 -170 47 32 box1715 0 0 0
-75 -168 54 59 box1716 0 0 0
27 158 41 77 box1717 0 0 0
-122 146 22 44 box1718 0 0 0
55 128 34 29 box1719 0 0 0
26 -169 72 66 box1720 0 0 0
-26 -111 30 63 box1721 0 0 0
3 -68 63 26 box1722 0 0 0
-95 -73 22 35 box1723 0 0 0
-55 -182 21 55 box1724 0 0 0
104 -149 55 43 box1725 0 0 0
83 -64 47 56 box1726 0 0 0
-192 152 29 59 box1727 0 0 0
198 64 44 78 box1728 0 0 0
-157 -51 71 46 box1729 0 0 0
23 -135 37 45 box1730 0 0 0
-39 17 28 37 box1731 0 0 0
162 192 72 34 box1732 0 0 0
39 65 79 64 box1733 0 0 0
36 -142 42 29 box1734 0 0 0
-117 -118 21 45 box1735 0 0 0
-148 31 39 78 box1736 0 0 0
-120 -27 44 24 box1737 0 0 0
169 -176 24 67 box1738 0 0 0
11 -2 33 35 box1739 0 0 0
126 -184 74 75 box1740 0 0 0
-15 -166 21 66 box1741 0 0 0
-177 77 72 52 box1742 0 0 0
-67 191 60 40 box1743 0 0 0
-158 -115 58 63 box1744 0 0 0
57 48 27 70 box1745 0 0 0
-137 -74 54 33 box1746 0 0 0
113 -114 43 36 box1747 0 0 0
193 148 77 76 box1748 0 0 0
-114 105 78 38 box1749 0 0 0
186 -123 47 62 box1750 0 0 0
61 38 34 77 box1751 0 0 0
-19 25 47 57 box1752 0 0 0
-99 -123 80 24 box1753 0 0 0
-196 -7 28 80 box1754 0 0 0
27 -38 21 74 box1755 0 0 0
154 -105 38 77 box1756 0 0 0
-182 199 52 23 box1757 0 0 0
-122 189 71 36 box1758 0 0 0
-58 -3 46 68 box1759 0 0 0
154 -110 37 47 box1760 0 0 0
77 -20 72 28 box1761 0 0 0
-118 -103 33 74 box1762 0 0 0
165 81 25 50 box1763 0 0 0
-108 147 43 62 box1764 0 0 0
134 87 42 39 box1765 0 0 0
48 -111 38 80 box1766 0 0 0
176 106 77 61 box1767 0 0 0
-10 -141 61 27 box1768 0 0 0
-198 -50 33 42 box1769 0 0 0
-3 -148 67 42 box1770 0 0 0
67 149 44 58 box1771 0 0 0
3 -163 79 27 box1772 0 0 0
183 187 40 52 box1773 0 0 0
89 167 42 23 box1774 0 0 0
-86 -123 25 32 box1775 0 0 0
-151 -24 77 25 box1776 0 0 0
151 -166 43 30 box1777 0 0 0
127 60 61 63 box1778 0 0 0
118 -157 73 22 box1779 0 0 0
104 -14 81 36 box1780 0 0 0
109 59 74 25 box1781 0 0 0
-164 -109 35 39 box1782 0 0 0
-2 -73 24 56 box1783 0 0 0
141 -190 52 37 box1784 0 0 0
-4 -4 27 72 box1785 0 0 0
-199 180 69 70 box1786 0 0 0
-66 -125 45 24 box1787 0 0 0
112 -109 73 38 box1788 0 0 0
-82 144 52 64 box1789 0 0 0
150 -112 66 57 box1790 0 0 0
200 -51 32 79 box1791 0 0 0
148 -151 74 35 box1792 0 0 0
99 22 62 72 box1793 0 0 0
84 -187 35 71 box1794 0 0 0
-68 4 38 38 box1795 0 0 0
151 129 76 32 box1796 0 0 0
-104 16 65 32 box1797 0 0 0
-149 -40 76 48 box1798 0 0 0
85 30 65 29 box1799 0 0 0
0 28 56 70 box1800 0 0 0
85 92 76 33 box1801 0 0 0
-51 -3 61 47 box1802 0 0 0
17 -33 79 53 box1803 0 0 0
169 40 52 31 box1804 0 0 0
111 145 61 79 box1805 0 0 0
-195 150 68 24 box1806 0 0 0
126 22 59 56 box1807 0 0 0
60 12 60 55 box1808 0 0 0
-191 -49 63 48 box1809 0 0 0
178 162 22 51 box1810 0 0 0
-30 195 24 78 box1811 0 0 0
-115 172 65 72 box1812 0 0 0
-192 167 44 36 box1813 0 0 0
-193 81 32 29 box1814 0 0 0
-110 -157 42 26 box1815 0 0 0
-47 -48 40 60 box1816 0 0 0
164 -10 78 77 box1817 0 0 0
-79 -60 51 62 box1818 0 0 0
69 59 43 79 box1819 0 0 0
-86 -187 36 34 box1820 0 0 0
69 75 40 70 box1821 0 0 0
-158 -131 72 31 box1822 0 0 0
-150 34 38 29 box1823 0 0 0
91 99 29 81 box1824 0 0 0
-139 -38 60 79 box1825 0 0 0
-192 -160 74 56 box1826 0 0 0
102 103 75 31 box1827 0 0 0
-163 56 26 52 box1828 0 0 0
150 121 64 31 box1829 0 0 0
-99 -177 27 76 box1830 0 0 0
-80 114 68 36 box1831 0 0 0
118 90 80 66 box1832 0 0 0
188 66 47 28 box1833 0 0 0
78 178 31 81 box1834 0 0 0
-167 45 31 81 box1835 0 0 0
50 81 21 73 box1836 0 0 0
153 -137 62 35 box1837 0 0 0
163 -199 42 78 box1838 0 0 0
-51 109 74 54 box1839 0 0 0
171 24 65 26 box1840 0 0 0
149 -19 51 79 box1841 0 0 0
17 199 39 24 box1842 0 0 0
-163 -74 49 70 box1843 0 0 0
181 -4 54 21 box1844 0 0 0
114 -27 35 35 box1845 0 0 0
-192 -78 52 59 box1846 0 0 0
113 -190 77 55 box1847 0 0 0
-86 -64 37 66 box1848 0 0 0
38 -132 21 51 box1849 0 0 0
-23 58 71 77 box1850 0 0 0
107 84 70 60 box1851 0 0 0
185 165 37 38 box1852 0 0 0
-97 -23 75 31 box1853 0 0 0
0 -162 77 41 box1854 0 0 0
17 194 34 55 box1855 0 0 0
-129 -77 48 43 box1856 0 0 0
-127 -3 42 62 box1857 0 0 0
143 -98 29 28 box1858 0 0 0
-62 63 72 40 box1859 0 0 0
172 -167 55 35 box1860 0 0 0
-20 -11 67 21 box1861 0 0 0
-108 120 73 62 box1862 0 0 0
-65 142 61 50 box1863 0 0 0
-142 116 60 62 box1864 0 0 0
125 72 73 80 box1865 0 0 0
-139 149 52 26 box1866 0 0 0
-147 -77 61 36 box1867 0 0 0
175 33 79 29 box1868 0 0 0
58 -160 61 71 box1869 0 0 0
-160 -64 64 32 box1870 0 0 0
-129 63 26 42 box1871 0 0 0
-54 76 37 33 box1872 0 0 0
166 196 44 55 box1873 0 0 0
83 198 46 76 box1874 0 0 0
-143 -185 70 36 box1875 0 0 0
-113 135 42 51 box1876 0 0 0
-160 147 54 39 box1877 0 0 0
-39 -44 40 39 box1878 0 0 0
19 122 44 41 box1879 0 0 0
174 176 80 77 box1880 0 0 0
-123 -93 22 81 box1881 0 0 0
200 -68 53 44 box1882 0 0 0
-32 24 25 30 box1883 0 0 0
185 57 60 47 box1884 0 0 0
-37 189 44 28 box1885 0 0 0
-65 -18 72 49 box1886 0 0 0
97 6 65 30 box1887 0 0 0
92 92 34 60 box1888 0 0 0
152 197 52 77 box1889 0 0 0
27 41 48 72 box1890 0 0 0
68 -169 39 68 box1891 0 0 0
142 -25 50 25 box1892 0 0 0
-96 156 64 80 box1893 0 0 0
-122 -86 43 64 box1894 0 0 0
15 19 66 50 box1895 0 0 0
-21 -145 59 70 box1896 0 0 0
-99 107 72 23 box1897 0 0 0
-77 164 37 52 box1898 0 0 0
-71 -30 21 67 box1899 0 0 0
156 -167 25 71 box1900 0 0 0
-43 126 69 58 box1901 0 0 0
-164 172 71 81 box1902 0 0 0
151 -165 28 37 box1903 0 0 0
152 -30 57 60 box1904 0 0 0
-100 176 29 58 box1905 0 0 0
118 85 44 25 box1906 0 0 0
118 -125 65 72 box1907 0 0 0
64 113 57 51 box1908 0 0 0
-40 73 56 72 box1909 0 0 0
69 103 41 58 box1910 0 0 0
-86 1 79 38 box1911 0 0 0
-195 151 71 36 box1912 0 0 0
160 121 63 72 box1913 0 0 0
-142 60 43 30 box1914 0 0 0
-5 -200 54 28 box1915 0 0 0
79 200 34 27 box1916 0 0 0
-8 101 57 67 box1917 0 0 0
103 -113 26 30 box1918 0 0 0
38 -81 48 75 box1919 0 0 0
28 6 77 43 box1920 0 0 0
-100 -71 29 31 box1921 0 0 0
2 177 39 55 box1922 0 0 0
-184 101 48 80 box1923 0 0 0
-125 189 23 70 box1924 0 0 0
64 84 29 74 box1925 0 0 0
-145 -58 56 57 box1926 0 0 0
-37 -41 32 52 box1927 0 0 0
-113 60 68 25 box1928 0 0 0
149 -85 69 52 box1929 0 0 0
104 -175 77 47 box1930 0 0 0
154 -134 57 31 box1931 0 0 0
25 3 32 23 box1932 0 0 0
46 -183 57 44 box1933 0 0 0
74 22 23 75 box1934 0 0 0
109 183 24 61 box1935 0 0 0
6 190 26 52 box1936 0 0 0
21 -68 32 22 box1937 0 0 0
-174 -46 39 61 box1938 0 0 0
-116 -89 22 31 box1939 0 0 0
4 -187 46 77 box1940 0 0 0
-120 185 43 55 box1941 0 0 0
45 -120 71 66 box1942 0 0 0
145 -12 67 58 box1943 0 0 0
-189 -54 21 58 box1944 0 0 0
-167 -85 63 63 box1945 0 0 0
5 -194 65 55 box1946 0 0 0
-197 49 62 32 box1947 0 0 0
4 200 35 35 box1948 0 0 0
62 45 51 21 box1949 0 0 0
-88 23 42 46 box1950 0 0 0
-22 -196 81 80 box1951 0 0 0
139 -196 73 79 box1952 0 0 0
187 -111 81 52 box1953 0 0 0
-93 193 50 77 box1954 0 0 0
52 -77 70 29 box1955 0 0 0
29 -131 69 45 box1956 0 0 0
193 149 21 50 box1957 0 0 0
71 31 22 48 box1958 0 0 0
194 113 81 44 box1959 0 0 0
189 -109 67 34 box1960 0 0 0
183 -1 78 30 box1961 0 0 0
-17 137 80 22 box1962 0 0 0
-156 -36 63 54 box1963 0 0 0
-173 155 65 78 box1964 0 0 0
194 49 51 59 box1965 0 0 0
81 106 75 56 box1966 0 0 0
53 14 38 42 box1967 0 0 0
-129 -54 72 54 box1968 0 0 0
-95 -1 48 49 box1969 0 0 0
36 117 63 26 box1970 0 0 0
-115 86 21 32 box1971 0 0 0
-68 -194 36 50 box1972 0 0 0
157 70 65 74 box1973 0 0 0
157 34 54 21 box1974 0 0 0
125 -105 47 56 box1975 0 0 0
-104 52 69 51 box1976 0 0 0
-66 -40 46 75 box1977 0 0 0
-67 121 74 66 box1978 0 0 0
173 -117 53 37 box1979 0 0 0
-121 121 69 31 box1980 0 0 0
-59 67 24 31 box1981 0 0 0
0 109 25 78 box1982 0 0 0
-88 41 72 28 box1983 0 0 0
-3 -63 60 55 box1984 0 0 0
-181 59 29 44 box1985 0 0 0
143 -119 57 21 box1986 0 0 0
190 -21 37 29 box1987 0 0 0
173 -179 27 56 box1988 0 0 0
-12 -194 74 48 box1989 0 0 0
119 -159 59 66 box1990 0 0 0
21 -38 21 66 box1991 0 0 0
66 -22 74 80 box1992 0 0 0
146 192 22 71 box1993 0 0 0
111 -86 54 73 box1994 0 0 0
82 170 37 57 box1995 0 0 0
129 -7 64 34 box1996 0 0 0
110 89 31 28 box1997 0 0 0
2 71 24 54 box1998 0 0 0
51 67 41 65 box1999 0 0 0
-50 -200 62 31 box2000 0 0 0
