1500
-194 81 160 148 box1 0 0 0
172 425 110 65 box2 0 0 0
67 376 61 92 box3 0 0 0
-193 16 58 66 box4 0 0 0
3 370 80 164 box5 0 0 0
109 -89 57 185 box6 0 0 0
436 -138 155 171 box7 0 0 0
69 -25 127 151 box8 0 0 0
177 150 125 89 box9 0 0 0
6 494 101 105 box10 0 0 0
56 33 174 77 box11 0 0 0
308 198 167 58 box12 0 0 0
-234 71 89 148 box13 0 0 0
430 -76 53 64 box14 0 0 0
-152 -181 50 67 box15 0 0 0
487 -177 51 157 box16 0 0 0
363 285 72 108 box17 0 0 0
-210 226 94 112 box18 0 0 0
-117 376 72 95 box19 0 0 0
-209 357 63 180 box20 0 0 0
305 -38 117 44 box21 0 0 0
222 209 110 124 box22 0 0 0
186 -148 67 141 box23 0 0 0
428 9 92 150 box24 0 0 0
291 -39 160 65 box25 0 0 0
332 8 88 124 box26 0 0 0
137 250 99 67 box27 0 0 0
203 -159 173 96 box28 0 0 0
423 165 119 175 box29 0 0 0
328 29 62 151 box30 0 0 0
302 416 113 100 box31 0 0 0
-46 197 133 70 box32 0 0 0
-184 296 141 144 box33 0 0 0
452 -45 52 127 box34 0 0 0
459 337 182 89 box35 0 0 0
-198 251 135 173 box36 0 0 0
-199 462 91 132 box37 0 0 0
152 -127 162 178 box38 0 0 0
0 249 142 128 box39 0 0 0
-174 446 171 110 box40 0 0 0
300 -60 106 101 box41 0 0 0
339 182 69 51 box42 0 0 0
66 -42 145 127 box43 0 0 0
269 -91 157 124 box44 0 0 0
-97 -250 76 137 box45 0 0 0
-85 -242 177 37 box46 0 0 0
316 481 148 129 box47 0 0 0
40 -207 175 103 box48 0 0 0
-247 211 44 167 box49 0 0 0
49 -222 42 81 box50 0 0 0
234 77 154 176 box51 0 0 0
-5 -135 116 60 box52 0 0 0
344 -10 153 130 box53 0 0 0
183 375 142 109 box54 0 0 0
436 127 165 183 box55 0 0 0
261 353 77 141 box56 0 0 0
421 -162 132 144 box57 0 0 0
456 361 143 43 box58 0 0 0
190 490 115 101 box59 0 0 0
40 223 152 45 box60 0 0 0
-10 -194 147 76 box61 0 0 0
-116 -36 61 123 box62 0 0 0
103 44 123 90 box63 0 0 0
143 412 78 104 box64 0 0 0
46 63 140 161 box65 0 0 0
-32 272 52 169 box66 0 0 0
116 108 128 89 box67 0 0 0
308 -219 76 87 box68 0 0 0
443 210 75 114 box69 0 0 0
-10 444 53 56 box70 0 0 0
413 200 142 129 box71 0 0 0
35 37 46 129 box72 0 0 0
-220 370 181 64 box73 0 0 0
144 304 178 183 box74 0 0 0
-154 -43 185 55 box75 0 0 0
489 -207 114 142 box76 0 0 0
-47 27 145 107 box77 0 0 0
-162 57 58 135 box78 0 0 0
291 -49 85 147 box79 0 0 0
275 243 119 145 box80 0 0 0
-247 224 108 182 box81 0 0 0
352 301 140 60 box82 0 0 0
247 252 169 85 box83 0 0 0
144 364 161 118 box84 0 0 0
251 -5 157 89 box85 0 0 0
333 248 128 83 box86 0 0 0
16 294 158 168 box87 0 0 0
118 345 95 184 box88 0 0 0
-179 336 120 108 box89 0 0 0
30 -168 127 176 box90 0 0 0
134 -33 157 136 box91 0 0 0
398 220 76 168 box92 0 0 0
-203 441 105 120 box93 0 0 0
-6 411 135 175 box94 0 0 0
145 -241 156 86 box95 0 0 0
111 -140 47 73 box96 0 0 0
-228 174 154 66 box97 0 0 0
258 -31 142 100 box98 0 0 0
-245 268 117 41 box99 0 0 0
469 141 139 94 box100 0 0 0
255 55 174 132 box101 0 0 0
410 293 67 180 box102 0 0 0
415 -181 69 122 box103 0 0 0
116 -193 160 41 box104 0 0 0
423 -100 41 149 box105 0 0 0
404 6 158 105 box106 0 0 0
114 409 59 110 box107 0 0 0
-86 435 143 101 box108 0 0 0
18 -85 140 79 box109 0 0 0
233 239 182 117 box110 0 0 0
16 -165 81 68 box111 0 0 0
-138 454 139 113 box112 0 0 0
189 286 106 173 box113 0 0 0
181 190 116 110 box114 0 0 0
362 254 186 67 box115 0 0 0
134 -168 154 185 box116 0 0 0
132 491 124 93 box117 0 0 0
-44 472 100 106 box118 0 0 0
393 179 114 42 box119 0 0 0
448 295 104 111 box120 0 0 0
298 -83 114 131 box121 0 0 0
116 370 72 129 box122 0 0 0
410 -192 143 119 box123 0 0 0
346 339 48 145 box124 0 0 0
423 -218 136 176 box125 0 0 0
218 -161 164 64 box126 0 0 0
-81 412 132 183 box127 0 0 0
231 74 144 111 box128 0 0 0
401 318 173 186 box129 0 0 0
129 -233 49 131 box130 0 0 0
-106 443 66 41 box131 0 0 0
382 414 127 179 box132 0 0 0
369 236 81 53 box133 0 0 0
-54 -210 80 154 box134 0 0 0
448 -242 147 51 box135 0 0 0
443 64 165 131 box136 0 0 0
78 -202 131 75 box137 0 0 0
-70 208 39 179 box138 0 0 0
83 111 136 84 box139 0 0 0
141 91 50 131 box140 0 0 0
204 407 54 74 box141 0 0 0
107 200 125 41 box142 0 0 0
482 433 55 139 box143 0 0 0
-74 461 39 141 box144 0 0 0
-59 -112 183 162 box145 0 0 0
322 -109 151 136 box146 0 0 0
-204 183 123 70 box147 0 0 0
-136 355 50 94 box148 0 0 0
90 416 44 164 box149 0 0 0
-162 192 88 86 box150 0 0 0
309 -116 101 51 box151 0 0 0
-155 236 56 59 box152 0 0 0
-22 123 110 80 box153 0 0 0
473 92 159 112 box154 0 0 0
-243 -159 141 147 box155 0 0 0
-142 -136 178 112 box156 0 0 0
-82 320 82 116 box157 0 0 0
-159 395 180 150 box158 0 0 0
418 129 120 175 box159 0 0 0
400 -137 175 51 box160 0 0 0
458 -18 40 87 box161 0 0 0
92 -162 106 169 box162 0 0 0
-53 459 45 184 box163 0 0 0
21 -118 147 173 box164 0 0 0
59 241 89 51 box165 0 0 0
-143 -66 126 41 box166 0 0 0
476 44 138 166 box167 0 0 0
-39 -184 168 82 box168 0 0 0
352 29 143 166 box169 0 0 0
-19 332 152 162 box170 0 0 0
-4 469 184 75 box171 0 0 0
119 95 90 67 box172 0 0 0
61 439 180 113 box173 0 0 0
-227 387 70 116 box174 0 0 0
354 146 73 154 box175 0 0 0
164 296 76 64 box176 0 0 0
-215 495 178 170 box177 0 0 0
335 49 125 49 box178 0 0 0
15 142 47 38 box179 0 0 0
257 190 107 131 box180 0 0 0
427 286 62 170 box181 0 0 0
14 132 122 81 box182 0 0 0
204 63 38 143 box183 0 0 0
-16 477 61 160 box184 0 0 0
-85 -107 99 128 box185 0 0 0
385 472 118 185 box186 0 0 0
396 -32 68 164 box187 0 0 0
-219 130 117 50 box188 0 0 0
163 44 85 110 box189 0 0 0
122 -1 61 41 box190 0 0 0
305 -237 187 160 box191 0 0 0
316 285 96 179 box192 0 0 0
323 158 50 94 box193 0 0 0
-94 77 42 122 box194 0 0 0
-120 219 120 115 box195 0 0 0
-241 -196 153 60 box196 0 0 0
457 36 40 147 box197 0 0 0
456 67 82 47 box198 0 0 0
466 103 113 107 box199 0 0 0
-206 398 124 178 box200 0 0 0
322 80 69 140 box201 0 0 0
119 -204 77 112 box202 0 0 0
18 -193 121 181 box203 0 0 0
494 -71 67 42 box204 0 0 0
-30 -224 60 68 box205 0 0 0
215 -56 45 101 box206 0 0 0
148 -174 54 58 box207 0 0 0
-80 268 57 166 box208 0 0 0
379 93 87 67 box209 0 0 0
-22 86 69 56 box210 0 0 0
236 -241 179 69 box211 0 0 0
183 395 129 128 box212 0 0 0
299 65 172 135 box213 0 0 0
-33 -91 83 152 box214 0 0 0
43 266 144 111 box215 0 0 0
287 24 71 97 box216 0 0 0
488 -59 74 148 box217 0 0 0
86 -97 129 103 box218 0 0 0
-237 14 143 118 box219 0 0 0
-187 143 122 96 box220 0 0 0
-238 418 141 181 box221 0 0 0
70 322 140 97 box222 0 0 0
98 -108 100 85 box223 0 0 0
352 347 162 175 box224 0 0 0
-176 59 44 75 box225 0 0 0
-117 -96 39 49 box226 0 0 0
-65 24 60 82 box227 0 0 0
242 14 102 125 box228 0 0 0
165 -140 79 61 box229 0 0 0
473 163 131 82 box230 0 0 0
384 -237 139 126 box231 0 0 0
-160 340 139 102 box232 0 0 0
-184 -84 54 171 box233 0 0 0
-175 275 145 89 box234 0 0 0
392 5 164 44 box235 0 0 0
414 179 89 41 box236 0 0 0
235 -116 139 109 box237 0 0 0
241 -207 85 54 box238 0 0 0
31 328 67 101 box239 0 0 0
120 -65 85 128 box240 0 0 0
-229 426 53 177 box241 0 0 0
39 172 163 69 box242 0 0 0
423 -115 132 109 box243 0 0 0
-185 55 69 69 box244 0 0 0
482 -6 63 79 box245 0 0 0
8 -28 152 54 box246 0 0 0
-206 396 184 52 box247 0 0 0
374 214 43 154 box248 0 0 0
500 308 180 157 box249 0 0 0
163 -218 73 78 box250 0 0 0
77 -193 134 104 box251 0 0 0
327 212 150 81 box252 0 0 0
-232 182 91 47 box253 0 0 0
-4 -241 146 74 box254 0 0 0
-38 141 78 44 box255 0 0 0
403 359 178 175 box256 0 0 0
-184 -75 167 53 box257 0 0 0
255 242 126 160 box258 0 0 0
78 -223 83 181 box259 0 0 0
-134 269 100 51 box260 0 0 0
237 -48 48 116 box261 0 0 0
496 116 151 54 box262 0 0 0
472 -125 135 165 box263 0 0 0
270 428 170 138 box264 0 0 0
441 -222 90 128 box265 0 0 0
-113 436 86 151 box266 0 0 0
331 138 82 63 box267 0 0 0
249 401 110 46 box268 0 0 0
483 -24 108 108 box269 0 0 0
-112 105 66 184 box270 0 0 0
243 251 179 76 box271 0 0 0
185 -195 115 87 box272 0 0 0
44 -46 67 67 box273 0 0 0
0 478 138 142 box274 0 0 0
-207 347 128 103 box275 0 0 0
-200 151 37 88 box276 0 0 0
331 311 183 174 box277 0 0 0
171 490 58 148 box278 0 0 0
449 279 77 63 box279 0 0 0
420 327 81 164 box280 0 0 0
330 406 107 179 box281 0 0 0
375 -195 132 168 box282 0 0 0
78 276 109 68 box283 0 0 0
467 369 154 140 box284 0 0 0
9 325 77 183 box285 0 0 0
410 -19 110 183 box286 0 0 0
139 138 39 135 box287 0 0 0
367 352 99 163 box288 0 0 0
127 -4 110 49 box289 0 0 0
-168 -242 185 61 box290 0 0 0
474 331 107 56 box291 0 0 0
307 403 100 121 box292 0 0 0
26 278 90 181 box293 0 0 0
484 97 176 172 box294 0 0 0
144 -208 168 173 box295 0 0 0
-44 -57 169 119 box296 0 0 0
-230 379 171 183 box297 0 0 0
-137 176 82 57 box298 0 0 0
-198 109 93 185 box299 0 0 0
450 77 86 42 box300 0 0 0
-208 93 111 85 box301 0 0 0
140 -175 171 98 box302 0 0 0
0 448 158 81 box303 0 0 0
487 187 104 174 box304 0 0 0
74 421 124 60 box305 0 0 0
448 -52 175 187 box306 0 0 0
-188 298 84 148 box307 0 0 0
37 243 136 167 box308 0 0 0
-51 230 70 139 box309 0 0 0
217 -143 133 41 box310 0 0 0
-81 17 42 90 box311 0 0 0
321 397 143 112 box312 0 0 0
280 -1 150 85 box313 0 0 0
481 143 184 130 box314 0 0 0
206 -57 137 108 box315 0 0 0
-68 174 90 106 box316 0 0 0
114 61 95 157 box317 0 0 0
-155 -65 63 182 box318 0 0 0
-157 184 51 152 box319 0 0 0
-58 -114 183 119 box320 0 0 0
-166 236 167 83 box321 0 0 0
151 -150 94 113 box322 0 0 0
139 9 49 106 box323 0 0 0
-42 173 60 168 box324 0 0 0
387 326 48 128 box325 0 0 0
271 277 83 44 box326 0 0 0
-81 -110 157 92 box327 0 0 0
96 -56 93 180 box328 0 0 0
161 -17 137 56 box329 0 0 0
-11 -60 161 166 box330 0 0 0
274 219 115 54 box331 0 0 0
-114 68 122 162 box332 0 0 0
-32 398 140 62 box333 0 0 0
81 74 129 157 box334 0 0 0
20 269 69 60 box335 0 0 0
-28 -112 159 73 box336 0 0 0
166 287 67 179 box337 0 0 0
390 180 153 110 box338 0 0 0
448 37 67 37 box339 0 0 0
-53 -113 170 141 box340 0 0 0
190 466 172 148 box341 0 0 0
180 498 106 94 box342 0 0 0
-50 -12 147 79 box343 0 0 0
250 -18 182 131 box344 0 0 0
456 80 151 44 box345 0 0 0
-235 -60 110 173 box346 0 0 0
429 491 133 168 box347 0 0 0
320 410 65 112 box348 0 0 0
187 382 135 142 box349 0 0 0
313 266 185 127 box350 0 0 0
268 183 183 43 box351 0 0 0
-25 19 83 182 box352 0 0 0
-208 134 181 178 box353 0 0 0
221 490 186 73 box354 0 0 0
-209 417 128 124 box355 0 0 0
219 -112 84 179 box356 0 0 0
121 336 64 127 box357 0 0 0
93 -200 54 179 box358 0 0 0
-40 273 169 174 box359 0 0 0
313 -9 48 153 box360 0 0 0
216 -219 134 71 box361 0 0 0
-177 376 54 83 box362 0 0 0
209 372 65 66 box363 0 0 0
-45 132 175 88 box364 0 0 0
163 -95 39 60 box365 0 0 0
422 272 121 118 box366 0 0 0
-9 -182 136 112 box367 0 0 0
240 443 81 68 box368 0 0 0
-53 70 187 141 box369 0 0 0
338 -81 104 122 box370 0 0 0
-113 220 147 172 box371 0 0 0
-98 -131 98 144 box372 0 0 0
-143 33 178 69 box373 0 0 0
-181 -146 159 63 box374 0 0 0
-244 294 158 126 box375 0 0 0
303 -134 155 54 box376 0 0 0
-66 -139 104 80 box377 0 0 0
40 118 91 56 box378 0 0 0
237 -34 167 43 box379 0 0 0
-173 359 184 143 box380 0 0 0
255 499 40 158 box381 0 0 0
-127 -82 55 80 box382 0 0 0
429 -41 50 53 box383 0 0 0
165 234 55 182 box384 0 0 0
-171 405 143 52 box385 0 0 0
-201 -204 40 151 box386 0 0 0
344 430 112 59 box387 0 0 0
237 -143 129 132 box388 0 0 0
359 271 134 51 box389 0 0 0
259 139 120 186 box390 0 0 0
35 14 122 59 box391 0 0 0
27 -160 140 172 box392 0 0 0
239 287 154 95 box393 0 0 0
-123 427 93 172 box394 0 0 0
49 392 162 169 box395 0 0 0
81 -175 48 106 box396 0 0 0
405 80 102 100 box397 0 0 0
246 391 179 40 box398 0 0 0
157 223 122 181 box399 0 0 0
237 383 130 143 box400 0 0 0
473 483 178 121 box401 0 0 0
326 286 57 131 box402 0 0 0
-125 -80 89 44 box403 0 0 0
351 496 172 159 box404 0 0 0
-197 121 81 75 box405 0 0 0
196 -202 171 159 box406 0 0 0
329 10 145 176 box407 0 0 0
178 82 167 165 box408 0 0 0
320 333 151 62 box409 0 0 0
38 373 157 139 box410 0 0 0
71 250 156 133 box411 0 0 0
327 330 100 182 box412 0 0 0
-54 179 106 76 box413 0 0 0
-216 14 155 99 box414 0 0 0
215 -109 173 129 box415 0 0 0
-145 -112 55 102 box416 0 0 0
49 63 48 180 box417 0 0 0
-52 190 138 105 box418 0 0 0
64 426 68 156 box419 0 0 0
183 -162 148 166 box420 0 0 0
179 97 97 71 box421 0 0 0
-222 -112 161 122 box422 0 0 0
309 244 84 149 box423 0 0 0
363 -201 173 70 box424 0 0 0
332 -36 39 153 box425 0 0 0
460 -10 158 38 box426 0 0 0
37 -93 175 157 box427 0 0 0
435 407 148 48 box428 0 0 0
324 -63 169 52 box429 0 0 0
65 51 180 133 box430 0 0 0
482 84 98 63 box431 0 0 0
334 491 109 132 box432 0 0 0
344 -10 183 138 box433 0 0 0
389 -51 42 43 box434 0 0 0
377 267 114 51 box435 0 0 0
-112 25 50 169 box436 0 0 0
134 21 178 38 box437 0 0 0
319 303 173 138 box438 0 0 0
334 -210 175 177 box439 0 0 0
-228 -88 172 148 box440 0 0 0
215 234 135 163 box441 0 0 0
-206 -151 40 179 box442 0 0 0
-103 -58 169 81 box443 0 0 0
215 -120 72 61 box444 0 0 0
117 -141 175 68 box445 0 0 0
-194 -227 65 92 box446 0 0 0
420 81 168 67 box447 0 0 0
-229 241 38 78 box448 0 0 0
280 298 39 129 box449 0 0 0
-48 -133 58 143 box450 0 0 0
143 -45 65 60 box451 0 0 0
430 138 98 110 box452 0 0 0
434 329 98 56 box453 0 0 0
188 45 57 46 box454 0 0 0
273 312 124 84 box455 0 0 0
-10 179 103 133 box456 0 0 0
-151 -197 83 113 box457 0 0 0
30 -15 127 40 box458 0 0 0
137 245 168 126 box459 0 0 0
364 211 130 49 box460 0 0 0
497 -85 84 89 box461 0 0 0
388 172 157 154 box462 0 0 0
-94 253 129 155 box463 0 0 0
-45 -148 123 167 box464 0 0 0
417 -143 46 63 box465 0 0 0
-190 108 93 71 box466 0 0 0
-144 337 138 139 box467 0 0 0
463 -210 136 158 box468 0 0 0
-74 170 158 128 box469 0 0 0
-53 235 45 60 box470 0 0 0
487 -65 166 73 box471 0 0 0
484 -58 128 136 box472 0 0 0
200 3 50 101 box473 0 0 0
94 219 68 83 box474 0 0 0
431 -106 124 135 box475 0 0 0
-60 270 53 66 box476 0 0 0
319 57 86 155 box477 0 0 0
250 318 118 118 box478 0 0 0
458 356 104 112 box479 0 0 0
9 101 111 93 box480 0 0 0
-125 124 109 73 box481 0 0 0
46 224 134 174 box482 0 0 0
-204 146 171 169 box483 0 0 0
-74 40 84 102 box484 0 0 0
-74 455 130 180 box485 0 0 0
20 -47 139 169 box486 0 0 0
-107 -153 158 116 box487 0 0 0
308 -15 186 42 box488 0 0 0
120 -231 129 149 box489 0 0 0
-77 -166 185 88 box490 0 0 0
316 282 63 174 box491 0 0 0
315 19 99 91 box492 0 0 0
2 254 142 81 box493 0 0 0
23 175 140 161 box494 0 0 0
174 -193 136 101 box495 0 0 0
222 475 129 82 box496 0 0 0
242 -229 58 68 box497 0 0 0
-148 -94 87 120 box498 0 0 0
257 -245 78 105 box499 0 0 0
197 301 86 110 box500 0 0 0
33 -218 165 64 box501 0 0 0
142 318 119 135 box502 0 0 0
-197 348 186 112 box503 0 0 0
-42 -73 139 112 box504 0 0 0
-174 155 37 50 box505 0 0 0
222 152 124 63 box506 0 0 0
139 210 88 89 box507 0 0 0
349 306 150 180 box508 0 0 0
-95 -16 137 57 box509 0 0 0
124 -158 40 83 box510 0 0 0
295 -134 48 60 box511 0 0 0
-9 250 77 130 box512 0 0 0
164 -219 100 184 box513 0 0 0
-212 206 92 107 box514 0 0 0
491 -125 153 128 box515 0 0 0
267 129 61 123 box516 0 0 0
261 165 187 161 box517 0 0 0
260 335 137 97 box518 0 0 0
-113 -101 106 187 box519 0 0 0
-11 -199 76 82 box520 0 0 0
223 100 170 129 box521 0 0 0
176 457 58 90 box522 0 0 0
-12 120 76 96 box523 0 0 0
187 -135 162 160 box524 0 0 0
446 443 184 49 box525 0 0 0
-43 -244 159 62 box526 0 0 0
223 150 186 151 box527 0 0 0
81 416 81 161 box528 0 0 0
201 250 63 175 box529 0 0 0
-202 -211 56 101 box530 0 0 0
42 126 156 43 box531 0 0 0
488 -112 157 158 box532 0 0 0
9 400 42 171 box533 0 0 0
-88 -104 123 119 box534 0 0 0
-49 104 154 89 box535 0 0 0
344 453 161 61 box536 0 0 0
500 -95 92 180 box537 0 0 0
-63 -181 86 177 box538 0 0 0
13 -235 129 40 box539 0 0 0
389 297 168 86 box540 0 0 0
481 -118 169 96 box541 0 0 0
214 17 164 49 box542 0 0 0
173 415 69 159 box543 0 0 0
-109 248 42 173 box544 0 0 0
500 459 155 179 box545 0 0 0
440 184 115 150 box546 0 0 0
217 -5 79 183 box547 0 0 0
125 -114 137 157 box548 0 0 0
41 449 109 172 box549 0 0 0
-6 59 81 39 box550 0 0 0
-57 373 185 94 box551 0 0 0
-122 137 181 85 box552 0 0 0
260 286 48 76 box553 0 0 0
270 248 79 104 box554 0 0 0
-52 -139 126 140 box555 0 0 0
351 58 124 86 box556 0 0 0
429 -29 52 165 box557 0 0 0
500 312 95 69 box558 0 0 0
297 357 45 98 box559 0 0 0
-94 459 87 88 box560 0 0 0
-156 -246 55 102 box561 0 0 0
158 129 181 71 box562 0 0 0
206 51 136 51 box563 0 0 0
283 -188 151 137 box564 0 0 0
232 -66 83 167 box565 0 0 0
42 -34 90 72 box566 0 0 0
421 332 136 100 box567 0 0 0
313 250 148 116 box568 0 0 0
271 -232 55 61 box569 0 0 0
25 -134 137 182 box570 0 0 0
218 162 168 85 box571 0 0 0
432 -1 61 67 box572 0 0 0
373 464 174 143 box573 0 0 0
279 -11 70 74 box574 0 0 0
58 -71 84 54 box575 0 0 0
-197 -150 114 55 box576 0 0 0
435 145 118 81 box577 0 0 0
-216 128 85 61 box578 0 0 0
-110 331 168 130 box579 0 0 0
425 172 115 38 box580 0 0 0
-155 320 40 83 box581 0 0 0
481 -152 155 55 box582 0 0 0
304 -133 164 83 box583 0 0 0
-49 -201 154 37 box584 0 0 0
336 292 57 160 box585 0 0 0
242 -69 129 39 box586 0 0 0
359 358 130 98 box587 0 0 0
-247 356 89 156 box588 0 0 0
255 304 42 148 box589 0 0 0
184 -239 130 89 box590 0 0 0
84 -222 83 39 box591 0 0 0
-131 162 100 146 box592 0 0 0
303 -249 176 173 box593 0 0 0
491 -130 39 89 box594 0 0 0
-38 -94 88 74 box595 0 0 0
429 381 177 179 box596 0 0 0
-219 403 130 74 box597 0 0 0
-182 148 50 52 box598 0 0 0
427 107 51 92 box599 0 0 0
-238 179 58 111 box600 0 0 0
471 183 70 168 box601 0 0 0
-230 265 155 136 box602 0 0 0
244 478 118 170 box603 0 0 0
375 474 87 108 box604 0 0 0
160 -6 146 69 box605 0 0 0
-121 203 89 65 box606 0 0 0
391 -64 164 141 box607 0 0 0
453 393 96 59 box608 0 0 0
-126 -169 132 62 box609 0 0 0
109 409 180 50 box610 0 0 0
-248 -239 37 66 box611 0 0 0
311 468 101 48 box612 0 0 0
-223 219 126 66 box613 0 0 0
455 347 84 51 box614 0 0 0
185 -13 108 102 box615 0 0 0
302 -154 101 70 box616 0 0 0
279 356 39 104 box617 0 0 0
125 -126 86 103 box618 0 0 0
437 212 157 69 box619 0 0 0
-7 -160 164 52 box620 0 0 0
29 180 146 172 box621 0 0 0
-4 -224 142 180 box622 0 0 0
303 295 68 69 box623 0 0 0
341 33 76 170 box624 0 0 0
-95 4 117 109 box625 0 0 0
-193 -66 114 63 box626 0 0 0
228 -6 79 58 box627 0 0 0
-127 125 187 116 box628 0 0 0
-15 -208 176 63 box629 0 0 0
224 -137 183 118 box630 0 0 0
412 -193 118 161 box631 0 0 0
-186 472 145 178 box632 0 0 0
452 -112 131 66 box633 0 0 0
-42 359 172 99 box634 0 0 0
59 -137 49 89 box635 0 0 0
-84 -223 50 42 box636 0 0 0
-55 138 78 45 box637 0 0 0
0 -195 101 82 box638 0 0 0
387 337 71 65 box639 0 0 0
435 409 94 172 box640 0 0 0
346 -245 38 144 box641 0 0 0
421 -28 130 176 box642 0 0 0
-231 -112 54 86 box643 0 0 0
156 -143 51 174 box644 0 0 0
416 385 56 143 box645 0 0 0
-250 -49 52 89 box646 0 0 0
27 -194 88 94 box647 0 0 0
-120 37 129 169 box648 0 0 0
392 -32 139 77 box649 0 0 0
232 250 133 56 box650 0 0 0
149 -201 124 149 box651 0 0 0
16 46 154 57 box652 0 0 0
-147 313 54 105 box653 0 0 0
246 252 161 100 box654 0 0 0
443 231 68 137 box655 0 0 0
-5 -94 122 140 box656 0 0 0
-22 479 175 79 box657 0 0 0
393 215 137 54 box658 0 0 0
294 492 179 102 box659 0 0 0
13 -170 139 86 box660 0 0 0
196 319 64 157 box661 0 0 0
345 31 69 179 box662 0 0 0
-134 285 104 102 box663 0 0 0
167 213 64 153 box664 0 0 0
317 149 80 81 box665 0 0 0
348 119 67 131 box666 0 0 0
379 122 182 91 box667 0 0 0
-98 194 55 153 box668 0 0 0
-166 460 112 93 box669 0 0 0
200 467 137 185 box670 0 0 0
12 484 179 73 box671 0 0 0
-78 404 62 73 box672 0 0 0
453 158 132 46 box673 0 0 0
281 215 119 45 box674 0 0 0
382 -213 139 137 box675 0 0 0
410 349 70 96 box676 0 0 0
364 -169 125 183 box677 0 0 0
379 133 88 75 box678 0 0 0
72 455 172 159 box679 0 0 0
-194 205 41 166 box680 0 0 0
-170 -156 47 102 box681 0 0 0
44 2 149 105 box682 0 0 0
486 -27 99 133 box683 0 0 0
472 257 164 157 box684 0 0 0
-167 194 63 122 box685 0 0 0
217 134 69 59 box686 0 0 0
195 240 151 37 box687 0 0 0
229 -186 41 43 box688 0 0 0
352 -87 39 105 box689 0 0 0
-245 411 135 118 box690 0 0 0
51 -76 153 147 box691 0 0 0
472 79 138 69 box692 0 0 0
-231 -29 86 74 box693 0 0 0
415 349 38 142 box694 0 0 0
-20 141 76 163 box695 0 0 0
442 184 72 168 box696 0 0 0
-104 380 59 83 box697 0 0 0
-52 469 173 138 box698 0 0 0
143 130 130 120 box699 0 0 0
32 -219 59 123 box700 0 0 0
405 374 93 82 box701 0 0 0
-236 106 75 128 box702 0 0 0
-18 479 102 114 box703 0 0 0
314 214 109 47 box704 0 0 0
-176 -23 103 89 box705 0 0 0
-77 81 174 168 box706 0 0 0
-144 388 57 164 box707 0 0 0
416 276 113 99 box708 0 0 0
-76 500 175 58 box709 0 0 0
-151 236 74 68 box710 0 0 0
11 57 126 90 box711 0 0 0
-21 106 95 44 box712 0 0 0
396 222 58 48 box713 0 0 0
349 253 164 161 box714 0 0 0
388 -191 150 118 box715 0 0 0
-246 -247 150 182 box716 0 0 0
-6 338 165 90 box717 0 0 0
421 344 47 116 box718 0 0 0
277 -129 82 166 box719 0 0 0
189 -210 90 162 box720 0 0 0
-97 246 155 58 box721 0 0 0
456 -59 142 165 box722 0 0 0
15 -28 69 144 box723 0 0 0
-80 -120 139 51 box724 0 0 0
-244 214 88 137 box725 0 0 0
-6 437 123 67 box726 0 0 0
247 -247 104 138 box727 0 0 0
61 419 124 55 box728 0 0 0
43 -130 63 92 box729 0 0 0
96 276 68 180 box730 0 0 0
-131 264 114 122 box731 0 0 0
-75 -204 168 87 box732 0 0 0
-16 118 164 186 box733 0 0 0
428 397 99 123 box734 0 0 0
-210 425 61 129 box735 0 0 0
280 -130 37 81 box736 0 0 0
-13 479 98 146 box737 0 0 0
410 493 176 153 box738 0 0 0
-142 214 178 114 box739 0 0 0
149 422 137 168 box740 0 0 0
228 378 49 90 box741 0 0 0
-29 232 39 128 box742 0 0 0
84 -58 169 133 box743 0 0 0
-181 51 95 88 box744 0 0 0
417 316 166 88 box745 0 0 0
429 222 60 129 box746 0 0 0
97 436 46 49 box747 0 0 0
489 -129 67 118 box748 0 0 0
242 157 51 183 box749 0 0 0
140 27 124 177 box750 0 0 0
-98 255 83 167 box751 0 0 0
47 143 74 180 box752 0 0 0
438 19 64 110 box753 0 0 0
479 -75 186 102 box754 0 0 0
-122 460 148 185 box755 0 0 0
231 291 99 165 box756 0 0 0
263 63 59 67 box757 0 0 0
67 265 52 163 box758 0 0 0
80 449 104 124 box759 0 0 0
423 200 174 102 box760 0 0 0
310 85 84 130 box761 0 0 0
-1 263 84 165 box762 0 0 0
472 352 51 45 box763 0 0 0
-245 -201 184 179 box764 0 0 0
-99 210 164 123 box765 0 0 0
250 7 89 78 box766 0 0 0
-124 422 121 66 box767 0 0 0
193 157 104 155 box768 0 0 0
98 126 108 86 box769 0 0 0
-3 319 157 57 box770 0 0 0
-121 -81 119 83 box771 0 0 0
457 -207 95 133 box772 0 0 0
351 456 42 149 box773 0 0 0
230 292 166 162 box774 0 0 0
-18 210 68 85 box775 0 0 0
-25 348 147 133 box776 0 0 0
273 -108 60 91 box777 0 0 0
321 -194 166 70 box778 0 0 0
-221 454 155 176 box779 0 0 0
121 92 173 98 box780 0 0 0
406 443 166 120 box781 0 0 0
-114 103 183 153 box782 0 0 0
65 267 70 140 box783 0 0 0
453 -122 100 79 box784 0 0 0
-194 420 60 132 box785 0 0 0
134 337 149 140 box786 0 0 0
355 464 156 67 box787 0 0 0
-123 -155 121 92 box788 0 0 0
366 -45 147 186 box789 0 0 0
194 204 157 37 box790 0 0 0
272 78 146 66 box791 0 0 0
398 112 179 140 box792 0 0 0
325 -237 115 68 box793 0 0 0
244 49 102 152 box794 0 0 0
-57 20 160 134 box795 0 0 0
-106 98 64 81 box796 0 0 0
-215 -139 90 65 box797 0 0 0
491 -140 72 51 box798 0 0 0
206 -178 51 174 box799 0 0 0
226 -117 114 102 box800 0 0 0
183 -91 126 81 box801 0 0 0
222 282 146 92 box802 0 0 0
360 80 98 168 box803 0 0 0
9 476 95 132 box804 0 0 0
122 222 145 105 box805 0 0 0
184 34 181 79 box806 0 0 0
422 490 42 42 box807 0 0 0
345 2 56 160 box808 0 0 0
268 138 37 80 box809 0 0 0
-218 -75 64 41 box810 0 0 0
-50 241 93 139 box811 0 0 0
-228 -224 119 107 box812 0 0 0
36 133 51 74 box813 0 0 0
444 -7 101 101 box814 0 0 0
178 484 112 180 box815 0 0 0
276 333 121 147 box816 0 0 0
90 465 136 144 box817 0 0 0
207 -155 59 185 box818 0 0 0
-88 -112 161 39 box819 0 0 0
179 75 162 119 box820 0 0 0
444 131 39 61 box821 0 0 0
410 -49 167 49 box822 0 0 0
-37 -231 146 62 box823 0 0 0
435 -88 93 152 box824 0 0 0
393 93 149 76 box825 0 0 0
-161 81 151 48 box826 0 0 0
224 120 57 185 box827 0 0 0
40 -25 66 79 box828 0 0 0
214 63 84 186 box829 0 0 0
-40 -150 82 102 box830 0 0 0
-5 229 70 95 box831 0 0 0
276 305 173 59 box832 0 0 0
147 68 146 153 box833 0 0 0
369 278 174 164 box834 0 0 0
317 -152 183 164 box835 0 0 0
-71 -25 90 146 box836 0 0 0
396 393 51 132 box837 0 0 0
344 183 117 88 box838 0 0 0
-132 131 161 102 box839 0 0 0
73 75 78 153 box840 0 0 0
29 69 88 76 box841 0 0 0
-124 1 84 105 box842 0 0 0
301 98 80 38 box843 0 0 0
368 -96 164 126 box844 0 0 0
264 494 151 64 box845 0 0 0
-129 144 60 81 box846 0 0 0
9 256 125 82 box847 0 0 0
-36 -238 94 63 box848 0 0 0
-110 -160 134 168 box849 0 0 0
180 321 99 148 box850 0 0 0
16 58 81 44 box851 0 0 0
362 66 178 78 box852 0 0 0
51 80 183 168 box853 0 0 0
473 150 113 108 box854 0 0 0
421 375 173 58 box855 0 0 0
430 -90 174 122 box856 0 0 0
142 91 178 176 box857 0 0 0
-231 -221 111 65 box858 0 0 0
55 480 113 143 box859 0 0 0
-186 213 143 154 box860 0 0 0
-9 -246 139 52 box861 0 0 0
-81 423 149 139 box862 0 0 0
-40 45 97 77 box863 0 0 0
241 33 85 158 box864 0 0 0
17 -184 159 172 box865 0 0 0
198 476 122 182 box866 0 0 0
390 277 143 166 box867 0 0 0
192 377 38 158 box868 0 0 0
250 457 54 98 box869 0 0 0
-5 -118 156 97 box870 0 0 0
64 463 38 57 box871 0 0 0
85 124 168 96 box872 0 0 0
335 125 57 99 box873 0 0 0
84 203 105 165 box874 0 0 0
-228 -71 184 118 box875 0 0 0
302 -164 111 141 box876 0 0 0
-108 -12 158 114 box877 0 0 0
-95 175 90 152 box878 0 0 0
475 -37 180 93 box879 0 0 0
-109 252 123 114 box880 0 0 0
63 -186 48 74 box881 0 0 0
366 -42 150 84 box882 0 0 0
-119 -148 135 181 box883 0 0 0
-230 324 122 103 box884 0 0 0
316 42 118 76 box885 0 0 0
420 498 176 120 box886 0 0 0
-167 220 144 149 box887 0 0 0
481 137 74 185 box888 0 0 0
-125 -4 46 90 box889 0 0 0
-130 65 164 109 box890 0 0 0
-123 250 93 106 box891 0 0 0
-136 372 100 141 box892 0 0 0
-229 199 96 139 box893 0 0 0
125 250 152 69 box894 0 0 0
-209 320 46 66 box895 0 0 0
292 48 109 80 box896 0 0 0
173 -132 159 160 box897 0 0 0
493 297 170 53 box898 0 0 0
346 242 44 121 box899 0 0 0
-135 -63 44 154 box900 0 0 0
263 377 147 178 box901 0 0 0
-79 53 176 166 box902 0 0 0
-50 -115 46 158 box903 0 0 0
0 181 132 123 box904 0 0 0
340 345 86 171 box905 0 0 0
443 428 160 132 box906 0 0 0
381 -166 170 176 box907 0 0 0
-52 -195 67 134 box908 0 0 0
49 81 64 92 box909 0 0 0
105 58 74 70 box910 0 0 0
314 457 42 159 box911 0 0 0
-47 58 167 131 box912 0 0 0
159 350 171 185 box913 0 0 0
48 431 90 57 box914 0 0 0
-249 -155 89 93 box915 0 0 0
354 133 102 178 box916 0 0 0
-234 257 139 106 box917 0 0 0
9 416 86 146 box918 0 0 0
-55 -42 129 131 box919 0 0 0
-190 152 52 173 box920 0 0 0
-29 247 46 138 box921 0 0 0
-99 83 39 89 box922 0 0 0
-69 484 66 170 box923 0 0 0
363 208 44 174 box924 0 0 0
332 138 101 165 box925 0 0 0
-137 450 123 104 box926 0 0 0
6 -69 138 159 box927 0 0 0
51 -91 47 113 box928 0 0 0
443 -11 140 136 box929 0 0 0
-212 -88 47 140 box930 0 0 0
151 121 107 127 box931 0 0 0
425 466 62 115 box932 0 0 0
64 395 171 88 box933 0 0 0
-118 -160 59 50 box934 0 0 0
241 202 99 46 box935 0 0 0
-7 281 74 67 box936 0 0 0
348 418 169 163 box937 0 0 0
-240 94 126 64 box938 0 0 0
317 391 109 156 box939 0 0 0
-247 118 138 89 box940 0 0 0
-187 -213 166 171 box941 0 0 0
229 163 39 46 box942 0 0 0
245 338 81 76 box943 0 0 0
322 240 177 99 box944 0 0 0
-191 185 44 70 box945 0 0 0
211 408 101 121 box946 0 0 0
-211 416 163 177 box947 0 0 0
-43 76 72 134 box948 0 0 0
-193 414 90 128 box949 0 0 0
302 272 174 93 box950 0 0 0
170 166 43 101 box951 0 0 0
291 -12 61 68 box952 0 0 0
-16 134 172 40 box953 0 0 0
-103 280 68 63 box954 0 0 0
-91 333 100 130 box955 0 0 0
457 -169 80 85 box956 0 0 0
-199 284 145 152 box957 0 0 0
-81 246 90 149 box958 0 0 0
295 206 140 150 box959 0 0 0
442 401 156 87 box960 0 0 0
180 419 93 124 box961 0 0 0
372 -33 87 47 box962 0 0 0
246 491 96 126 box963 0 0 0
467 20 48 176 box964 0 0 0
232 -1 121 154 box965 0 0 0
190 441 134 113 box966 0 0 0
153 -187 119 121 box967 0 0 0
235 -20 102 62 box968 0 0 0
461 -166 148 94 box969 0 0 0
49 401 187 172 box970 0 0 0
21 1 67 156 box971 0 0 0
367 334 128 141 box972 0 0 0
-236 296 152 71 box973 0 0 0
38 186 168 137 box974 0 0 0
232 458 63 90 box975 0 0 0
146 356 110 151 box976 0 0 0
341 36 114 52 box977 0 0 0
415 -217 64 37 box978 0 0 0
239 166 123 80 box979 0 0 0
55 188 138 107 box980 0 0 0
-10 276 112 166 box981 0 0 0
307 39 170 172 box982 0 0 0
-2 471 107 155 box983 0 0 0
43 429 58 159 box984 0 0 0
17 -180 114 120 box985 0 0 0
92 -200 131 92 box986 0 0 0
52 -102 114 81 box987 0 0 0
43 224 165 159 box988 0 0 0
259 -148 71 120 box989 0 0 0
328 283 87 113 box990 0 0 0
348 298 121 136 box991 0 0 0
-140 -146 90 138 box992 0 0 0
438 95 163 142 box993 0 0 0
224 -117 168 136 box994 0 0 0
-154 -48 82 68 box995 0 0 0
438 -142 109 172 box996 0 0 0
319 -97 139 93 box997 0 0 0
326 -226 133 110 box998 0 0 0
403 324 170 177 box999 0 0 0
349 64 170 92 box1000 0 0 0
-243 57 166 138 box1001 0 0 0
316 491 71 60 box1002 0 0 0
12 467 115 123 box1003 0 0 0
-92 486 145 120 box1004 0 0 0
479 -129 167 114 box1005 0 0 0
-158 22 39 103 box1006 0 0 0
242 170 58 148 box1007 0 0 0
72 163 73 122 box1008 0 0 0
-193 417 70 151 box1009 0 0 0
-57 231 158 162 box1010 0 0 0
314 -54 38 47 box1011 0 0 0
-8 224 106 82 box1012 0 0 0
145 -192 49 89 box1013 0 0 0
-217 88 104 139 box1014 0 0 0
424 -52 88 87 box1015 0 0 0
-209 282 148 124 box1016 0 0 0
173 96 168 96 box1017 0 0 0
322 316 107 83 box1018 0 0 0
50 -242 174 122 box1019 0 0 0
-231 193 101 78 box1020 0 0 0
32 107 174 92 box1021 0 0 0
98 -20 142 58 box1022 0 0 0
407 307 148 62 box1023 0 0 0
456 280 107 98 box1024 0 0 0
95 8 41 63 box1025 0 0 0
-68 381 170 163 box1026 0 0 0
-56 384 133 47 box1027 0 0 0
435 289 48 82 box1028 0 0 0
230 -126 68 78 box1029 0 0 0
-148 -14 85 99 box1030 0 0 0
206 -219 172 162 box1031 0 0 0
230 -186 82 140 box1032 0 0 0
-158 102 65 166 box1033 0 0 0
-153 -214 111 91 box1034 0 0 0
453 -86 169 150 box1035 0 0 0
50 -143 141 164 box1036 0 0 0
86 -22 53 172 box1037 0 0 0
150 118 136 152 box1038 0 0 0
242 326 134 43 box1039 0 0 0
273 -30 171 143 box1040 0 0 0
87 -9 56 88 box1041 0 0 0
58 -55 113 106 box1042 0 0 0
457 -140 128 177 box1043 0 0 0
418 495 81 39 box1044 0 0 0
-101 476 43 67 box1045 0 0 0
-208 389 158 53 box1046 0 0 0
110 201 53 147 box1047 0 0 0
382 332 136 100 box1048 0 0 0
282 -99 176 141 box1049 0 0 0
70 497 179 94 box1050 0 0 0
-131 14 49 48 box1051 0 0 0
283 49 145 128 box1052 0 0 0
-26 264 145 89 box1053 0 0 0
15 261 137 38 box1054 0 0 0
437 -216 138 179 box1055 0 0 0
148 484 162 103 box1056 0 0 0
481 398 172 58 box1057 0 0 0
481 54 125 37 box1058 0 0 0
230 387 165 162 box1059 0 0 0
433 120 123 44 box1060 0 0 0
-7 350 51 133 box1061 0 0 0
27 24 173 141 box1062 0 0 0
279 -133 41 169 box1063 0 0 0
52 289 96 39 box1064 0 0 0
-207 -67 141 46 box1065 0 0 0
454 -43 186 172 box1066 0 0 0
85 222 145 186 box1067 0 0 0
-59 -219 72 103 box1068 0 0 0
391 106 106 113 box1069 0 0 0
-227 369 185 42 box1070 0 0 0
-80 -198 57 176 box1071 0 0 0
369 -190 57 49 box1072 0 0 0
-215 -176 67 185 box1073 0 0 0
319 -153 112 77 box1074 0 0 0
433 284 158 111 box1075 0 0 0
279 -193 169 115 box1076 0 0 0
-167 68 90 125 box1077 0 0 0
-183 -188 60 125 box1078 0 0 0
48 106 71 127 box1079 0 0 0
211 -141 128 69 box1080 0 0 0
171 -250 129 127 box1081 0 0 0
398 39 75 184 box1082 0 0 0
225 -183 107 104 box1083 0 0 0
-219 100 104 141 box1084 0 0 0
-85 -190 126 132 box1085 0 0 0
114 -207 100 115 box1086 0 0 0
406 410 161 126 box1087 0 0 0
60 500 58 133 box1088 0 0 0
-78 3 97 149 box1089 0 0 0
405 376 61 119 box1090 0 0 0
-81 -214 96 54 box1091 0 0 0
-225 135 138 40 box1092 0 0 0
461 68 82 123 box1093 0 0 0
-140 -218 124 144 box1094 0 0 0
-162 406 149 147 box1095 0 0 0
464 298 167 74 box1096 0 0 0
466 266 84 103 box1097 0 0 0
117 425 174 61 box1098 0 0 0
101 466 115 174 box1099 0 0 0
227 491 45 72 box1100 0 0 0
-6 495 167 111 box1101 0 0 0
169 472 70 134 box1102 0 0 0
-5 201 45 39 box1103 0 0 0
-216 268 139 125 box1104 0 0 0
-47 81 93 162 box1105 0 0 0
-67 306 184 134 box1106 0 0 0
409 294 46 98 box1107 0 0 0
223 -30 174 141 box1108 0 0 0
-226 250 179 131 box1109 0 0 0
444 304 143 111 box1110 0 0 0
206 41 59 126 box1111 0 0 0
478 200 78 166 box1112 0 0 0
-56 82 174 72 box1113 0 0 0
38 63 128 111 box1114 0 0 0
-140 497 118 87 box1115 0 0 0
-139 -173 82 100 box1116 0 0 0
-42 -64 112 90 box1117 0 0 0
155 -25 63 47 box1118 0 0 0
3 234 134 154 box1119 0 0 0
-110 -113 52 174 box1120 0 0 0
24 290 111 55 box1121 0 0 0
488 216 163 166 box1122 0 0 0
480 -12 147 124 box1123 0 0 0
-139 367 47 55 box1124 0 0 0
237 297 153 73 box1125 0 0 0
-61 182 121 165 box1126 0 0 0
349 475 110 40 box1127 0 0 0
-141 348 99 78 box1128 0 0 0
185 113 38 56 box1129 0 0 0
-100 -140 110 117 box1130 0 0 0
266 274 143 62 box1131 0 0 0
332 320 167 55 box1132 0 0 0
-249 82 77 186 box1133 0 0 0
425 44 121 184 box1134 0 0 0
232 -151 170 181 box1135 0 0 0
391 73 73 52 box1136 0 0 0
421 -226 129 40 box1137 0 0 0
237 -206 58 185 box1138 0 0 0
-126 -7 162 85 box1139 0 0 0
346 -8 51 101 box1140 0 0 0
300 34 154 106 box1141 0 0 0
407 -216 137 70 box1142 0 0 0
-202 307 86 89 box1143 0 0 0
53 361 94 72 box1144 0 0 0
179 -89 149 149 box1145 0 0 0
328 -11 67 85 box1146 0 0 0
-35 377 146 94 box1147 0 0 0
-54 -185 184 141 box1148 0 0 0
-69 -67 96 136 box1149 0 0 0
447 -249 57 41 box1150 0 0 0
-55 383 125 56 box1151 0 0 0
485 -98 100 59 box1152 0 0 0
-136 -5 55 99 box1153 0 0 0
15 295 158 85 box1154 0 0 0
-100 67 82 165 box1155 0 0 0
389 98 108 71 box1156 0 0 0
176 448 106 154 box1157 0 0 0
496 -107 43 114 box1158 0 0 0
277 -25 145 97 box1159 0 0 0
389 -4 149 185 box1160 0 0 0
-194 -86 148 75 box1161 0 0 0
311 -67 171 98 box1162 0 0 0
470 497 150 98 box1163 0 0 0
-125 50 89 187 box1164 0 0 0
-34 133 132 59 box1165 0 0 0
299 -191 67 100 box1166 0 0 0
47 150 45 95 box1167 0 0 0
385 88 112 117 box1168 0 0 0
341 371 169 141 box1169 0 0 0
241 182 68 138 box1170 0 0 0
22 -243 122 167 box1171 0 0 0
-129 -96 59 131 box1172 0 0 0
15 412 160 72 box1173 0 0 0
491 401 70 61 box1174 0 0 0
291 56 69 112 box1175 0 0 0
-140 375 129 73 box1176 0 0 0
231 -49 51 80 box1177 0 0 0
475 -211 72 165 box1178 0 0 0
230 110 111 69 box1179 0 0 0
-69 372 66 96 box1180 0 0 0
-62 238 70 141 box1181 0 0 0
474 -234 113 158 box1182 0 0 0
474 -67 51 82 box1183 0 0 0
-234 381 158 71 box1184 0 0 0
21 110 73 151 box1185 0 0 0
247 233 75 87 box1186 0 0 0
-153 125 121 124 box1187 0 0 0
-245 -87 126 71 box1188 0 0 0
-170 86 86 86 box1189 0 0 0
66 -163 72 49 box1190 0 0 0
63 236 169 111 box1191 0 0 0
-28 28 122 76 box1192 0 0 0
383 186 103 184 box1193 0 0 0
360 -210 90 64 box1194 0 0 0
6 211 53 74 box1195 0 0 0
-218 -9 71 148 box1196 0 0 0
266 139 174 50 box1197 0 0 0
-175 137 88 93 box1198 0 0 0
155 -97 40 180 box1199 0 0 0
140 -207 63 150 box1200 0 0 0
493 -142 51 186 box1201 0 0 0
-21 415 91 52 box1202 0 0 0
342 -35 146 141 box1203 0 0 0
395 293 151 61 box1204 0 0 0
-228 321 37 50 box1205 0 0 0
-20 71 126 143 box1206 0 0 0
-125 340 77 142 box1207 0 0 0
271 76 141 153 box1208 0 0 0
203 444 171 185 box1209 0 0 0
-160 -167 174 106 box1210 0 0 0
422 -200 80 110 box1211 0 0 0
-10 -245 134 98 box1212 0 0 0
-193 -133 178 126 box1213 0 0 0
-204 469 111 155 box1214 0 0 0
54 289 132 176 box1215 0 0 0
157 -147 180 45 box1216 0 0 0
124 -152 158 81 box1217 0 0 0
-6 2 99 80 box1218 0 0 0
-188 264 184 97 box1219 0 0 0
-169 320 55 41 box1220 0 0 0
330 127 85 41 box1221 0 0 0
-92 -92 87 180 box1222 0 0 0
-51 -144 102 180 box1223 0 0 0
9 277 123 38 box1224 0 0 0
44 140 48 102 box1225 0 0 0
356 -124 46 73 box1226 0 0 0
-212 -206 69 91 box1227 0 0 0
225 -100 65 74 box1228 0 0 0
481 63 44 184 box1229 0 0 0
266 -27 68 69 box1230 0 0 0
48 -239 73 80 box1231 0 0 0
-172 -227 182 136 box1232 0 0 0
228 -24 73 45 box1233 0 0 0
-39 -88 159 138 box1234 0 0 0
-225 168 149 100 box1235 0 0 0
116 439 133 178 box1236 0 0 0
152 277 81 62 box1237 0 0 0
411 -7 184 73 box1238 0 0 0
-182 -164 178 123 box1239 0 0 0
-43 -28 82 143 box1240 0 0 0
398 -149 53 184 box1241 0 0 0
358 292 104 121 box1242 0 0 0
230 22 123 162 box1243 0 0 0
20 50 44 131 box1244 0 0 0
393 8 112 111 box1245 0 0 0
-50 251 79 89 box1246 0 0 0
-123 52 135 132 box1247 0 0 0
54 -145 121 115 box1248 0 0 0
476 200 153 62 box1249 0 0 0
239 -28 108 122 box1250 0 0 0
37 111 184 181 box1251 0 0 0
-236 126 153 112 box1252 0 0 0
477 59 96 39 box1253 0 0 0
-141 80 119 114 box1254 0 0 0
-99 -34 161 98 box1255 0 0 0
395 223 108 53 box1256 0 0 0
117 17 128 151 box1257 0 0 0
336 88 69 184 box1258 0 0 0
-217 375 118 90 box1259 0 0 0
-203 363 179 98 box1260 0 0 0
437 -131 38 177 box1261 0 0 0
430 239 185 90 box1262 0 0 0
168 303 62 42 box1263 0 0 0
-180 -215 123 57 box1264 0 0 0
403 415 76 40 box1265 0 0 0
497 72 153 151 box1266 0 0 0
64 -9 51 144 box1267 0 0 0
156 101 109 162 box1268 0 0 0
231 -230 133 127 box1269 0 0 0
41 63 123 62 box1270 0 0 0
8 347 138 154 box1271 0 0 0
41 -102 62 179 box1272 0 0 0
168 190 139 100 box1273 0 0 0
-112 111 41 117 box1274 0 0 0
373 129 157 171 box1275 0 0 0
393 -13 50 180 box1276 0 0 0
496 428 164 119 box1277 0 0 0
419 36 50 173 box1278 0 0 0
185 272 128 48 box1279 0 0 0
-171 418 88 113 box1280 0 0 0
430 379 50 116 box1281 0 0 0
-208 315 132 122 box1282 0 0 0
-64 -232 43 171 box1283 0 0 0
4 391 72 119 box1284 0 0 0
-100 398 112 103 box1285 0 0 0
-122 -29 48 59 box1286 0 0 0
361 -85 115 114 box1287 0 0 0
278 453 182 105 box1288 0 0 0
431 -218 183 51 box1289 0 0 0
-219 -156 41 154 box1290 0 0 0
233 2 117 171 box1291 0 0 0
451 384 66 53 box1292 0 0 0
239 73 149 52 box1293 0 0 0
-201 355 168 62 box1294 0 0 0
4 128 75 163 box1295 0 0 0
-184 414 142 50 box1296 0 0 0
369 463 54 43 box1297 0 0 0
321 -161 103 152 box1298 0 0 0
147 -186 71 67 box1299 0 0 0
412 -138 187 150 box1300 0 0 0
112 264 187 118 box1301 0 0 0
407 450 126 168 box1302 0 0 0
490 473 177 179 box1303 0 0 0
497 84 183 92 box1304 0 0 0
370 398 124 102 box1305 0 0 0
166 -64 167 151 box1306 0 0 0
-211 23 98 83 box1307 0 0 0
56 150 108 76 box1308 0 0 0
498 338 180 170 box1309 0 0 0
12 -6 54 161 box1310 0 0 0
392 102 178 172 box1311 0 0 0
406 350 186 172 box1312 0 0 0
90 150 144 110 box1313 0 0 0
-86 -26 51 138 box1314 0 0 0
27 88 128 163 box1315 0 0 0
-106 -155 71 46 box1316 0 0 0
404 80 126 101 box1317 0 0 0
274 -248 56 76 box1318 0 0 0
67 282 182 173 box1319 0 0 0
304 -227 151 178 box1320 0 0 0
339 424 56 125 box1321 0 0 0
-245 344 141 42 box1322 0 0 0
78 80 132 127 box1323 0 0 0
-171 273 134 75 box1324 0 0 0
467 363 67 133 box1325 0 0 0
-88 -60 49 44 box1326 0 0 0
-1 365 181 87 box1327 0 0 0
-89 -85 44 97 box1328 0 0 0
430 -190 149 74 box1329 0 0 0
494 134 38 48 box1330 0 0 0
268 212 126 116 box1331 0 0 0
306 -243 171 124 box1332 0 0 0
376 222 83 55 box1333 0 0 0
-234 299 71 147 box1334 0 0 0
-74 117 62 144 box1335 0 0 0
394 365 101 169 box1336 0 0 0
80 -36 149 63 box1337 0 0 0
200 -62 62 134 box1338 0 0 0
498 4 168 145 box1339 0 0 0
132 99 175 104 box1340 0 0 0
226 455 150 134 box1341 0 0 0
-9 295 121 114 box1342 0 0 0
265 395 53 147 box1343 0 0 0
457 436 70 127 box1344 0 0 0
35 -48 125 69 box1345 0 0 0
365 347 48 79 box1346 0 0 0
475 421 56 104 box1347 0 0 0
-116 100 104 176 box1348 0 0 0
-159 374 131 58 box1349 0 0 0
332 -130 173 71 box1350 0 0 0
212 -59 128 69 box1351 0 0 0
372 -84 120 104 box1352 0 0 0
-55 -69 41 91 box1353 0 0 0
15 454 101 58 box1354 0 0 0
309 -40 83 56 box1355 0 0 0
83 340 187 144 box1356 0 0 0
472 29 87 138 box1357 0 0 0
327 -7 161 96 box1358 0 0 0
117 364 145 62 box1359 0 0 0
-197 99 87 182 box1360 0 0 0
-60 196 52 154 box1361 0 0 0
24 -173 142 49 box1362 0 0 0
115 62 133 85 box1363 0 0 0
485 -183 166 67 box1364 0 0 0
374 -116 118 110 box1365 0 0 0
-69 334 140 61 box1366 0 0 0
-217 -144 162 147 box1367 0 0 0
457 23 72 91 box1368 0 0 0
-124 154 55 155 box1369 0 0 0
-174 288 56 123 box1370 0 0 0
411 -23 132 153 box1371 0 0 0
-233 341 53 99 box1372 0 0 0
-216 67 67 185 box1373 0 0 0
-86 361 134 91 box1374 0 0 0
-230 -248 125 69 box1375 0 0 0
352 232 147 111 box1376 0 0 0
93 301 138 163 box1377 0 0 0
228 379 152 154 box1378 0 0 0
20 120 46 90 box1379 0 0 0
-128 438 126 41 box1380 0 0 0
290 492 120 142 box1381 0 0 0
287 220 128 105 box1382 0 0 0
287 23 173 50 box1383 0 0 0
178 -33 44 167 box1384 0 0 0
304 -230 132 124 box1385 0 0 0
-153 148 101 111 box1386 0 0 0
-134 496 38 53 box1387 0 0 0
357 340 180 97 box1388 0 0 0
83 -15 52 88 box1389 0 0 0
54 -143 81 125 box1390 0 0 0
325 229 37 184 box1391 0 0 0
139 -227 73 137 box1392 0 0 0
-248 361 61 154 box1393 0 0 0
447 391 142 62 box1394 0 0 0
407 -58 161 73 box1395 0 0 0
373 353 129 114 box1396 0 0 0
212 241 135 154 box1397 0 0 0
185 172 63 117 box1398 0 0 0
305 -208 94 132 box1399 0 0 0
31 118 52 142 box1400 0 0 0
140 -93 140 96 box1401 0 0 0
-247 406 181 178 box1402 0 0 0
-228 -233 58 52 box1403 0 0 0
-115 434 150 42 box1404 0 0 0
226 89 77 40 box1405 0 0 0
16 85 119 149 box1406 0 0 0
-177 -225 157 38 box1407 0 0 0
265 -227 69 107 box1408 0 0 0
92 134 177 113 box1409 0 0 0
489 441 93 121 box1410 0 0 0
-146 37 166 66 box1411 0 0 0
228 -134 93 77 box1412 0 0 0
-121 397 86 74 box1413 0 0 0
-27 222 103 86 box1414 0 0 0
-18 352 83 63 box1415 0 0 0
-181 234 181 51 box1416 0 0 0
16 455 171 92 box1417 0 0 0
35 -206 170 107 box1418 0 0 0
218 10 65 66 box1419 0 0 0
-201 108 70 64 box1420 0 0 0
-120 -4 105 156 box1421 0 0 0
353 -20 139 40 box1422 0 0 0
115 -215 76 97 box1423 0 0 0
-209 196 110 96 box1424 0 0 0
447 268 165 96 box1425 0 0 0
22 219 68 149 box1426 0 0 0
357 -247 128 175 box1427 0 0 0
65 369 164 97 box1428 0 0 0
192 32 123 56 box1429 0 0 0
13 261 172 74 box1430 0 0 0
430 27 76 46 box1431 0 0 0
40 -68 146 158 box1432 0 0 0
423 213 93 58 box1433 0 0 0
-183 187 165 55 box1434 0 0 0
48 226 165 89 box1435 0 0 0
383 -64 121 68 box1436 0 0 0
154 11 172 174 box1437 0 0 0
332 -84 109 47 box1438 0 0 0
190 -184 67 146 box1439 0 0 0
93 117 95 101 box1440 0 0 0
-63 243 82 88 box1441 0 0 0
156 -248 52 39 box1442 0 0 0
495 -201 184 130 box1443 0 0 0
375 193 110 117 box1444 0 0 0
413 -144 172 178 box1445 0 0 0
-98 46 127 70 box1446 0 0 0
290 281 79 52 box1447 0 0 0
496 473 184 41 box1448 0 0 0
-63 -103 150 168 box1449 0 0 0
-135 -159 40 106 box1450 0 0 0
-173 383 82 40 box1451 0 0 0
-193 152 112 183 box1452 0 0 0
241 302 88 61 box1453 0 0 0
32 56 68 48 box1454 0 0 0
401 437 179 48 box1455 0 0 0
433 451 152 44 box1456 0 0 0
349 156 57 151 box1457 0 0 0
-190 -44 104 63 box1458 0 0 0
209 -203 100 37 box1459 0 0 0
10 452 76 152 box1460 0 0 0
417 -30 79 141 box1461 0 0 0
200 497 45 140 box1462 0 0 0
399 188 177 136 box1463 0 0 0
380 -26 159 118 box1464 0 0 0
-198 86 59 65 box1465 0 0 0
-223 354 40 115 box1466 0 0 0
178 232 70 61 box1467 0 0 0
407 105 72 161 box1468 0 0 0
423 -128 41 157 box1469 0 0 0
422 499 135 146 box1470 0 0 0
287 -23 77 40 box1471 0 0 0
208 271 181 74 box1472 0 0 0
130 316 149 113 box1473 0 0 0
-183 185 60 117 box1474 0 0 0
-145 -17 167 76 box1475 0 0 0
487 227 132 144 box1476 0 0 0
218 334 69 172 box1477 0 0 0
-169 141 82 119 box1478 0 0 0
151 186 76 116 box1479 0 0 0
326 244 158 120 box1480 0 0 0
-105 -84 62 72 box1481 0 0 0
320 458 40 167 box1482 0 0 0
162 215 156 71 box1483 0 0 0
78 -245 110 133 box1484 0 0 0
-32 116 145 125 box1485 0 0 0
354 456 48 61 box1486 0 0 0
201 -243 111 135 box1487 0 0 0
459 294 156 113 box1488 0 0 0
-160 267 184 38 box1489 0 0 0
321 327 129 167 box1490 0 0 0
126 -22 147 54 box1491 0 0 0
105 -118 123 110 box1492 0 0 0
242 296 143 126 box1493 0 0 0
306 -177 164 73 box1494 0 0 0
379 101 163 45 box1495 0 0 0
475 352 46 160 box1496 0 0 0
158 -35 180 135 box1497 0 0 0
143 -225 137 117 box1498 0 0 0
404 -115 142 62 box1499 0 0 0
-146 -250 107 154 box1500 0 0 0
