200
-43 44 33 19 box1 0 0 0
-1 -68 47 47 box2 0 0 0
51 56 30 11 box3 0 0 0
-4 70 46 10 box4 0 0 0
93 -27 33 50 box5 0 0 0
76 -1 10 21 box6 0 0 0
-13 68 25 13 box7 0 0 0
-34 71 30 26 box8 0 0 0
-13 -75 21 22 box9 0 0 0
1 27 28 30 box10 0 0 0
69 -70 28 27 box11 0 0 0
-55 61 24 35 box12 0 0 0
74 41 15 24 box13 0 0 0
62 74 38 45 box14 0 0 0
38 22 31 15 box15 0 0 0
96 77 25 10 box16 0 0 0
76 -48 43 21 box17 0 0 0
70 22 37 35 box18 0 0 0
72 18 19 25 box19 0 0 0
39 -47 37 32 box20 0 0 0
-94 -39 23 43 box21 0 0 0
31 -22 13 44 box22 0 0 0
76 38 10 34 box23 0 0 0
-60 -55 15 22 box24 0 0 0
-82 5 48 44 box25 0 0 0
23 20 32 24 box26 0 0 0
-63 35 50 27 box27 0 0 0
-47 71 16 10 box28 0 0 0
-2 46 17 40 box29 0 0 0
67 -5 18 46 box30 0 0 0
11 -35 37 41 box31 0 0 0
-60 89 42 24 box32 0 0 0
40 31 23 25 box33 0 0 0
13 84 37 29 box34 0 0 0
-13 -30 19 19 box35 0 0 0
-94 92 35 17 box36 0 0 0
8 74 36 21 box37 0 0 0
-2 -18 49 42 box38 0 0 0
-27 -68 42 39 box39 0 0 0
99 73 24 50 box40 0 0 0
26 37 38 17 box41 0 0 0
-57 66 13 40 box42 0 0 0
-21 71 45 31 box43 0 0 0
66 88 25 19 box44 0 0 0
43 87 50 31 box45 0 0 0
9 -33 17 18 box46 0 0 0
-37 -81 42 14 box47 0 0 0
-53 42 33 31 box48 0 0 0
-96 -98 36 16 box49 0 0 0
73 -31 14 17 box50 0 0 0
-73 71 14 18 box51 0 0 0
-63 73 17 46 box52 0 0 0
41 10 46 31 box53 0 0 0
12 -56 23 20 box54 0 0 0
-1 -9 47 23 box55 0 0 0
-35 -93 36 39 box56 0 0 0
-69 -17 12 32 box57 0 0 0
-25 -32 11 37 box58 0 0 0
88 -42 39 35 box59 0 0 0
-26 47 18 45 box60 0 0 0
-11 19 38 32 box61 0 0 0
67 70 49 46 box62 0 0 0
-33 70 13 10 box63 0 0 0
-24 -53 17 36 box64 0 0 0
23 99 21 36 box65 0 0 0
-3 14 10 29 box66 0 0 0
-51 -9 26 28 box67 0 0 0
-37 -25 19 35 box68 0 0 0
-73 -26 15 37 box69 0 0 0
-14 78 21 38 box70 0 0 0
-29 -47 15 31 box71 0 0 0
-50 9 26 17 box72 0 0 0
-65 -63 32 50 box73 0 0 0
16 21 33 41 box74 0 0 0
54 -93 37 32 box75 0 0 0
60 -12 25 20 box76 0 0 0
-77 -6 49 44 box77 0 0 0
-82 68 27 31 box78 0 0 0
-15 -91 47 25 box79 0 0 0
-3 -90 13 15 box80 0 0 0
61 51 15 21 box81 0 0 0
47 74 25 25 box82 0 0 0
-11 99 50 16 box83 0 0 0
-67 -13 48 41 box84 0 0 0
100 72 19 11 box85 0 0 0
-44 -89 32 27 box86 0 0 0
15 65 35 40 box87 0 0 0
-31 36 22 17 box88 0 0 0
44 68 13 49 box89 0 0 0
64 24 38 19 box90 0 0 0
-18 30 25 46 box91 0 0 0
15 41 35 16 box92 0 0 0
22 62 49 28 box93 0 0 0
-64 34 13 39 box94 0 0 0
-100 23 12 22 box95 0 0 0
69 -59 44 29 box96 0 0 0
-28 80 26 21 box97 0 0 0
-31 93 18 14 box98 0 0 0
-99 49 13 39 box99 0 0 0
75 -9 36 43 box100 0 0 0
96 98 39 41 box101 0 0 0
42 55 50 17 box102 0 0 0
-61 61 48 38 box103 0 0 0
34 -54 50 34 box104 0 0 0
-33 51 18 44 box105 0 0 0
20 72 20 37 box106 0 0 0
63 -48 47 27 box107 0 0 0
32 39 22 23 box108 0 0 0
-25 -21 43 15 box109 0 0 0
0 -58 35 10 box110 0 0 0
72 -87 13 19 box111 0 0 0
-48 -55 34 30 box112 0 0 0
12 13 31 21 box113 0 0 0
8 -83 20 27 box114 0 0 0
20 15 35 31 box115 0 0 0
-63 -34 23 49 box116 0 0 0
-51 -34 21 18 box117 0 0 0
73 45 22 11 box118 0 0 0
74 -14 30 12 box119 0 0 0
56 0 30 30 box120 0 0 0
-85 72 36 30 box121 0 0 0
84 -43 42 36 box122 0 0 0
-16 -23 40 47 box123 0 0 0
-3 -83 49 30 box124 0 0 0
-40 -3 28 11 box125 0 0 0
83 64 24 23 box126 0 0 0
-24 -41 41 28 box127 0 0 0
-83 -59 48 37 box128 0 0 0
-62 -13 37 22 box129 0 0 0
-71 93 42 42 box130 0 0 0
-2 59 44 30 box131 0 0 0
-48 6 31 17 box132 0 0 0
-15 67 47 29 box133 0 0 0
-23 88 43 38 box134 0 0 0
36 -24 12 30 box135 0 0 0
55 -44 13 31 box136 0 0 0
-10 0 38 33 box137 0 0 0
-34 -18 47 19 box138 0 0 0
-47 -67 49 41 box139 0 0 0
97 -89 41 28 box140 0 0 0
59 61 40 13 box141 0 0 0
62 -34 25 16 box142 0 0 0
-23 55 45 27 box143 0 0 0
-76 26 32 35 box144 0 0 0
12 24 41 42 box145 0 0 0
-30 66 32 50 box146 0 0 0
-22 -53 27 21 box147 0 0 0
59 88 49 33 box148 0 0 0
44 -86 20 46 box149 0 0 0
-19 -81 43 29 box150 0 0 0
-54 75 33 40 box151 0 0 0
-61 78 43 39 box152 0 0 0
-3 22 21 20 box153 0 0 0
58 -57 44 25 box154 0 0 0
57 -76 10 39 box155 0 0 0
18 -45 27 48 box156 0 0 0
56 37 14 27 box157 0 0 0
-84 -73 41 27 box158 0 0 0
-54 -11 26 38 box159 0 0 0
42 18 36 12 box160 0 0 0
-13 49 22 49 box161 0 0 0
87 -15 32 10 box162 0 0 0
5 -59 43 43 box163 0 0 0
100 97 10 39 box164 0 0 0
51 -96 15 26 box165 0 0 0
4 -50 34 45 box166 0 0 0
24 18 44 17 box167 0 0 0
-77 -80 32 31 box168 0 0 0
56 8 48 25 box169 0 0 0
64 -69 50 22 box170 0 0 0
88 -33 17 50 box171 0 0 0
-42 78 15 29 box172 0 0 0
30 73 48 31 box173 0 0 0
-84 -92 28 34 box174 0 0 0
58 50 30 37 box175 0 0 0
27 20 39 25 box176 0 0 0
-77 95 43 28 box177 0 0 0
-66 93 18 12 box178 0 0 0
22 14 48 39 box179 0 0 0
8 18 10 26 box180 0 0 0
40 -54 24 30 box181 0 0 0
76 -98 36 18 box182 0 0 0
-13 50 18 33 box183 0 0 0
-76 -64 20 27 box184 0 0 0
-41 -57 35 25 box185 0 0 0
-12 -51 14 28 box186 0 0 0
-52 -18 17 31 box187 0 0 0
-2 19 27 21 box188 0 0 0
-30 16 46 41 box189 0 0 0
47 -7 47 26 box190 0 0 0
-22 38 15 30 box191 0 0 0
-54 45 42 38 box192 0 0 0
-26 83 37 22 box193 0 0 0
56 -62 38 16 box194 0 0 0
72 27 11 48 box195 0 0 0
31 -62 47 39 box196 0 0 0
-53 35 32 48 box197 0 0 0
-76 7 21 49 box198 0 0 0
57 -93 12 41 box199 0 0 0
-48 96 21 37 box200 0 0 0
