30
4 17 7 6 box1 0 0 0
20 14 8 11 box2 0 0 0
23 11 6 8 box3 0 0 0
17 20 10 5 box4 0 0 0
10 25 5 8 box5 0 0 0
5 6 8 12 box6 0 0 0
22 13 12 7 box7 0 0 0
-4 -7 6 12 box8 0 0 0
19 22 6 3 box9 0 0 0
20 2 5 10 box10 0 0 0
-11 20 5 10 box11 0 0 0
22 4 10 12 box12 0 0 0
-21 -1 10 4 box13 0 0 0
19 0 8 7 box14 0 0 0
-22 9 3 12 box15 0 0 0
18 -18 5 12 box16 0 0 0
1 -10 3 7 box17 0 0 0
4 20 4 3 box18 0 0 0
-21 17 4 12 box19 0 0 0
23 23 12 7 box20 0 0 0
-22 -13 8 11 box21 0 0 0
-5 17 5 4 box22 0 0 0
20 -10 10 8 box23 0 0 0
-23 -20 3 12 box24 0 0 0
0 -17 3 3 box25 0 0 0
12 -21 9 3 box26 0 0 0
23 -8 12 6 box27 0 0 0
19 11 10 9 box28 0 0 0
24 13 4 7 box29 0 0 0
25 -11 3 9 box30 0 0 0
