2500
-1900 -1583 160 183 box1 0 0 0
-1325 -1528 206 142 box2 0 0 0
-1449 -1001 156 191 box3 0 0 0
-1915 -1911 138 91 box4 0 0 0
-2000 -1685 226 75 box5 0 0 0
-1461 -1783 196 151 box6 0 0 0
-1348 -1171 115 123 box7 0 0 0
-1040 -1233 203 98 box8 0 0 0
-1404 -1353 152 64 box9 0 0 0
-1871 -1793 146 196 box10 0 0 0
-1705 -1776 153 158 box11 0 0 0
-1965 -1409 248 152 box12 0 0 0
-1472 -1796 91 163 box13 0 0 0
-1207 -1634 248 103 box14 0 0 0
-1829 -1961 146 176 box15 0 0 0
-1621 -1409 233 105 box16 0 0 0
-1731 -1038 130 167 box17 0 0 0
-1581 -1691 72 92 box18 0 0 0
-1995 -1837 112 154 box19 0 0 0
-1249 -1491 176 98 box20 0 0 0
-1728 -1311 164 76 box21 0 0 0
-1728 -1936 83 171 box22 0 0 0
-1553 -1583 137 141 box23 0 0 0
-1775 -1328 190 140 box24 0 0 0
-1469 -1743 167 237 box25 0 0 0
-1717 -1670 79 90 box26 0 0 0
-1160 -1159 203 232 box27 0 0 0
-1775 -1694 192 73 box28 0 0 0
-1527 -1158 61 130 box29 0 0 0
-1530 -1659 97 132 box30 0 0 0
-1896 -1674 94 133 box31 0 0 0
-1328 -1534 138 159 box32 0 0 0
-1485 -1893 213 144 box33 0 0 0
-1033 -1812 54 76 box34 0 0 0
-1903 -1512 73 167 box35 0 0 0
-1983 -1242 151 240 box36 0 0 0
-1370 -1263 82 159 box37 0 0 0
-1086 -1994 67 178 box38 0 0 0
-1093 -1871 130 197 box39 0 0 0
-1603 -1936 141 128 box40 0 0 0
-1241 -1178 123 93 box41 0 0 0
-1722 -1091 86 143 box42 0 0 0
-1729 -1720 81 60 box43 0 0 0
-1280 -1260 116 175 box44 0 0 0
-1889 -1345 233 108 box45 0 0 0
-1309 -1761 191 114 box46 0 0 0
-1657 -1130 237 84 box47 0 0 0
-1297 -1135 50 245 box48 0 0 0
-1006 -1347 247 179 box49 0 0 0
-1676 -1439 51 216 box50 0 0 0
-1685 -1345 75 121 box51 0 0 0
-1246 -1296 141 77 box52 0 0 0
-1782 -1917 202 51 box53 0 0 0
-1542 -1943 224 167 box54 0 0 0
-1962 -1468 107 71 box55 0 0 0
-1136 -1363 108 104 box56 0 0 0
-1117 -1943 220 241 box57 0 0 0
-1960 -1684 212 233 box58 0 0 0
-1679 -1063 183 87 box59 0 0 0
-1162 -1324 59 168 box60 0 0 0
-1287 -1283 174 177 box61 0 0 0
-1365 -1476 144 190 box62 0 0 0
-1186 -1901 129 145 box63 0 0 0
-1752 -1808 166 138 box64 0 0 0
-1509 -1769 178 222 box65 0 0 0
-1341 -1812 244 142 box66 0 0 0
-1160 -1759 246 211 box67 0 0 0
-1009 -1950 123 75 box68 0 0 0
-1714 -1278 237 191 box69 0 0 0
-1997 -1400 109 250 box70 0 0 0
-1313 -1234 179 225 box71 0 0 0
-1681 -1550 50 196 box72 0 0 0
-1390 -1954 154 185 box73 0 0 0
-1816 -1708 199 127 box74 0 0 0
-1441 -1428 190 63 box75 0 0 0
-1473 -1467 149 58 box76 0 0 0
-1231 -1531 165 119 box77 0 0 0
-1888 -1974 77 219 box78 0 0 0
-1925 -1336 232 136 box79 0 0 0
-1489 -1835 192 138 box80 0 0 0
-1835 -1623 61 125 box81 0 0 0
-1023 -1477 132 179 box82 0 0 0
-1106 -1806 231 133 box83 0 0 0
-1670 -1335 174 192 box84 0 0 0
-1552 -1725 225 107 box85 0 0 0
-1926 -1085 198 213 box86 0 0 0
-1406 -1602 155 229 box87 0 0 0
-1379 -1802 215 246 box88 0 0 0
-1455 -1228 121 136 box89 0 0 0
-1834 -1058 83 106 box90 0 0 0
-1813 -1684 89 231 box91 0 0 0
-1895 -1170 215 165 box92 0 0 0
-1453 -1546 174 212 box93 0 0 0
-1433 -1053 210 150 box94 0 0 0
-1476 -1482 107 169 box95 0 0 0
-1261 -1812 135 222 box96 0 0 0
-1461 -1010 243 249 box97 0 0 0
-1554 -1879 98 144 box98 0 0 0
-1343 -1910 161 76 box99 0 0 0
-1933 -1751 76 88 box100 0 0 0
-1783 -2000 74 226 box101 0 0 0
-1966 -1353 50 164 box102 0 0 0
-1394 -1429 144 148 box103 0 0 0
-1742 -1059 161 193 box104 0 0 0
-1339 -1213 225 197 box105 0 0 0
-1928 -1995 215 144 box106 0 0 0
-1226 -1332 160 124 box107 0 0 0
-1479 -1279 179 97 box108 0 0 0
-1990 -1888 76 242 box109 0 0 0
-1985 -1621 52 228 box110 0 0 0
-1017 -1217 215 66 box111 0 0 0
-1867 -1227 97 86 box112 0 0 0
-1968 -1399 165 248 box113 0 0 0
-1664 -1359 247 169 box114 0 0 0
-1117 -1858 75 137 box115 0 0 0
-1930 -1593 113 134 box116 0 0 0
-1793 -1007 223 82 box117 0 0 0
-1387 -1922 139 102 box118 0 0 0
-1272 -1149 157 156 box119 0 0 0
-1911 -1628 140 66 box120 0 0 0
-1704 -1662 57 173 box121 0 0 0
-1643 -1145 223 113 box122 0 0 0
-1213 -1450 196 197 box123 0 0 0
-1645 -1480 77 168 box124 0 0 0
-1778 -1747 247 84 box125 0 0 0
-1568 -1742 226 202 box126 0 0 0
-1888 -1321 116 150 box127 0 0 0
-1793 -1735 84 113 box128 0 0 0
-1565 -1888 185 75 box129 0 0 0
-1448 -1628 160 77 box130 0 0 0
-1042 -1602 103 105 box131 0 0 0
-1159 -1628 56 182 box132 0 0 0
-1067 -1491 179 104 box133 0 0 0
-1563 -1673 225 126 box134 0 0 0
-1929 -1622 108 116 box135 0 0 0
-1662 -1181 111 214 box136 0 0 0
-1577 -1492 119 170 box137 0 0 0
-1627 -1772 65 190 box138 0 0 0
-1940 -1069 81 185 box139 0 0 0
-1708 -1885 237 183 box140 0 0 0
-1385 -1685 149 118 box141 0 0 0
-1903 -1055 245 122 box142 0 0 0
-1527 -1204 66 234 box143 0 0 0
-1103 -1294 199 186 box144 0 0 0
-1364 -1946 142 195 box145 0 0 0
-1901 -1231 137 192 box146 0 0 0
-1837 -1667 87 75 box147 0 0 0
-1226 -1521 194 200 box148 0 0 0
-1993 -1563 175 224 box149 0 0 0
-1762 -1329 178 238 box150 0 0 0
-1886 -1279 203 202 box151 0 0 0
-1403 -1293 122 65 box152 0 0 0
-1619 -1250 215 200 box153 0 0 0
-1426 -1030 169 246 box154 0 0 0
-1470 -1265 198 139 box155 0 0 0
-1086 -1972 87 65 box156 0 0 0
-1484 -1156 167 235 box157 0 0 0
-1545 -1627 123 143 box158 0 0 0
-1275 -1851 233 238 box159 0 0 0
-1020 -1560 248 101 box160 0 0 0
-1575 -1936 192 157 box161 0 0 0
-1591 -1881 160 135 box162 0 0 0
-1379 -1002 158 244 box163 0 0 0
-1627 -1301 95 250 box164 0 0 0
-1791 -1759 136 74 box165 0 0 0
-1092 -1241 166 127 box166 0 0 0
-1035 -1715 159 75 box167 0 0 0
-1645 -1901 135 158 box168 0 0 0
-1592 -1588 230 160 box169 0 0 0
-1954 -1919 87 60 box170 0 0 0
-1704 -1807 231 193 box171 0 0 0
-1095 -1795 160 221 box172 0 0 0
-1909 -1721 171 201 box173 0 0 0
-1949 -1626 189 108 box174 0 0 0
-1839 -1935 75 180 box175 0 0 0
-1136 -1756 132 137 box176 0 0 0
-1041 -1325 178 216 box177 0 0 0
-1776 -1916 128 239 box178 0 0 0
-1387 -1399 154 100 box179 0 0 0
-1967 -1368 243 91 box180 0 0 0
-1375 -1189 73 185 box181 0 0 0
-1825 -1395 55 206 box182 0 0 0
-1899 -1892 178 111 box183 0 0 0
-1794 -1782 194 136 box184 0 0 0
-1422 -1791 171 53 box185 0 0 0
-1755 -1064 55 107 box186 0 0 0
-1440 -1297 169 201 box187 0 0 0
-1154 -1098 81 165 box188 0 0 0
-1327 -1572 130 107 box189 0 0 0
-1669 -1589 244 168 box190 0 0 0
-1026 -1971 151 173 box191 0 0 0
-1145 -1270 58 84 box192 0 0 0
-1242 -1952 248 128 box193 0 0 0
-1288 -1252 234 122 box194 0 0 0
-1474 -1278 210 241 box195 0 0 0
-1007 -1488 219 186 box196 0 0 0
-1705 -1600 121 187 box197 0 0 0
-1596 -1143 213 168 box198 0 0 0
-1837 -1875 174 178 box199 0 0 0
-1361 -1405 62 127 box200 0 0 0
-1873 -1773 135 200 box201 0 0 0
-1477 -1258 217 157 box202 0 0 0
-1109 -1711 94 99 box203 0 0 0
-1314 -1465 183 107 box204 0 0 0
-1046 -1532 124 137 box205 0 0 0
-1160 -1420 216 177 box206 0 0 0
-1544 -1104 119 248 box207 0 0 0
-1373 -1593 134 228 box208 0 0 0
-1490 -1545 52 152 box209 0 0 0
-1858 -1761 162 110 box210 0 0 0
-1358 -1959 158 160 box211 0 0 0
-1089 -1324 104 97 box212 0 0 0
-1429 -1894 102 205 box213 0 0 0
-1146 -1206 103 211 box214 0 0 0
-1902 -1891 157 238 box215 0 0 0
-1755 -1076 196 172 box216 0 0 0
-1604 -1820 117 193 box217 0 0 0
-1668 -1864 217 91 box218 0 0 0
-1509 -1181 202 132 box219 0 0 0
-1522 -1844 94 157 box220 0 0 0
-1530 -1529 116 162 box221 0 0 0
-1244 -1184 114 84 box222 0 0 0
-1732 -1584 148 112 box223 0 0 0
-1309 -1584 156 161 box224 0 0 0
-1262 -1206 141 244 box225 0 0 0
-1581 -1093 114 229 box226 0 0 0
-1183 -1596 134 243 box227 0 0 0
-1975 -1907 74 92 box228 0 0 0
-1300 -1815 130 81 box229 0 0 0
-1377 -1465 94 239 box230 0 0 0
-1454 -1268 241 161 box231 0 0 0
-1750 -1207 140 211 box232 0 0 0
-1643 -1845 221 146 box233 0 0 0
-1237 -1140 190 75 box234 0 0 0
-1807 -1949 162 244 box235 0 0 0
-1300 -1348 144 128 box236 0 0 0
-1553 -1652 192 164 box237 0 0 0
-1109 -1051 63 129 box238 0 0 0
-1028 -1085 91 189 box239 0 0 0
-1751 -1997 236 165 box240 0 0 0
-1668 -1668 157 62 box241 0 0 0
-1186 -1855 175 199 box242 0 0 0
-1137 -1511 182 195 box243 0 0 0
-1265 -1900 208 125 box244 0 0 0
-1172 -1738 237 135 box245 0 0 0
-1765 -1376 52 245 box246 0 0 0
-1015 -1706 236 118 box247 0 0 0
-1223 -1632 151 80 box248 0 0 0
-1651 -1134 240 62 box249 0 0 0
-1469 -1247 181 192 box250 0 0 0
-1533 -1351 174 77 box251 0 0 0
-1598 -1190 156 139 box252 0 0 0
-1581 -1563 110 234 box253 0 0 0
-1576 -1293 74 76 box254 0 0 0
-1511 -1858 111 195 box255 0 0 0
-1451 -1219 174 230 box256 0 0 0
-1918 -1499 250 153 box257 0 0 0
-1772 -1490 137 52 box258 0 0 0
-1363 -1859 226 196 box259 0 0 0
-1463 -1805 85 58 box260 0 0 0
-1800 -1673 146 208 box261 0 0 0
-1476 -1557 143 137 box262 0 0 0
-1477 -1798 247 176 box263 0 0 0
-1952 -1024 188 113 box264 0 0 0
-1656 -1338 71 247 box265 0 0 0
-1275 -1179 138 212 box266 0 0 0
-1121 -1156 115 177 box267 0 0 0
-1463 -1956 67 195 box268 0 0 0
-1653 -1350 156 139 box269 0 0 0
-1834 -1343 67 166 box270 0 0 0
-1885 -1311 67 151 box271 0 0 0
-1207 -1477 73 240 box272 0 0 0
-1593 -1698 69 176 box273 0 0 0
-1066 -1075 89 108 box274 0 0 0
-1579 -1958 113 153 box275 0 0 0
-1168 -1284 187 65 box276 0 0 0
-1564 -1729 70 225 box277 0 0 0
-1250 -1992 240 113 box278 0 0 0
-1096 -1977 93 106 box279 0 0 0
-1342 -1429 103 147 box280 0 0 0
-1053 -1741 111 102 box281 0 0 0
-1200 -1832 92 206 box282 0 0 0
-1369 -1972 179 187 box283 0 0 0
-1582 -1593 103 210 box284 0 0 0
-1969 -1206 97 172 box285 0 0 0
-1969 -1001 56 147 box286 0 0 0
-1487 -1695 128 171 box287 0 0 0
-1242 -1895 141 184 box288 0 0 0
-1168 -1364 162 96 box289 0 0 0
-1166 -1057 234 189 box290 0 0 0
-1399 -1967 170 250 box291 0 0 0
-1882 -1371 87 193 box292 0 0 0
-1691 -1444 145 217 box293 0 0 0
-1461 -1033 101 68 box294 0 0 0
-1027 -1365 74 177 box295 0 0 0
-1169 -1047 250 121 box296 0 0 0
-1400 -1523 67 142 box297 0 0 0
-1158 -1463 193 156 box298 0 0 0
-1176 -1768 237 247 box299 0 0 0
-1739 -1478 197 193 box300 0 0 0
-1097 -1691 210 109 box301 0 0 0
-1639 -1173 158 73 box302 0 0 0
-1496 -1683 141 76 box303 0 0 0
-1148 -1225 77 148 box304 0 0 0
-1489 -1701 176 154 box305 0 0 0
-1803 -1246 54 226 box306 0 0 0
-1541 -1202 235 187 box307 0 0 0
-1734 -1462 75 211 box308 0 0 0
-1093 -1930 186 113 box309 0 0 0
-1378 -1403 201 204 box310 0 0 0
-1265 -1132 212 152 box311 0 0 0
-1578 -1187 80 74 box312 0 0 0
-1563 -1439 129 167 box313 0 0 0
-1429 -1968 79 135 box314 0 0 0
-1872 -1681 87 200 box315 0 0 0
-1883 -1297 171 62 box316 0 0 0
-1446 -1995 62 227 box317 0 0 0
-1197 -1395 192 95 box318 0 0 0
-1249 -1260 75 185 box319 0 0 0
-1619 -1593 91 122 box320 0 0 0
-1030 -1072 57 118 box321 0 0 0
-1806 -1616 139 243 box322 0 0 0
-1883 -1087 242 150 box323 0 0 0
-1432 -1854 122 184 box324 0 0 0
-1994 -1192 117 151 box325 0 0 0
-1374 -1983 98 219 box326 0 0 0
-1963 -1137 207 100 box327 0 0 0
-1076 -1788 155 139 box328 0 0 0
-1099 -1934 199 83 box329 0 0 0
-1928 -1341 95 116 box330 0 0 0
-1356 -1684 213 195 box331 0 0 0
-1800 -1897 160 229 box332 0 0 0
-1847 -1679 125 112 box333 0 0 0
-1831 -1365 73 57 box334 0 0 0
-1455 -1102 191 117 box335 0 0 0
-1247 -1487 87 191 box336 0 0 0
-1108 -1946 61 240 box337 0 0 0
-1435 -1981 193 157 box338 0 0 0
-1142 -1676 229 234 box339 0 0 0
-1371 -1414 112 68 box340 0 0 0
-1512 -1609 162 54 box341 0 0 0
-1454 -1963 67 115 box342 0 0 0
-1377 -1077 77 194 box343 0 0 0
-1338 -1890 123 161 box344 0 0 0
-1405 -1026 71 96 box345 0 0 0
-1933 -1741 76 174 box346 0 0 0
-1427 -1647 198 76 box347 0 0 0
-1437 -1758 194 201 box348 0 0 0
-1237 -1198 181 243 box349 0 0 0
-1096 -1354 222 114 box350 0 0 0
-1185 -1722 243 187 box351 0 0 0
-1991 -1296 68 144 box352 0 0 0
-1199 -1421 128 74 box353 0 0 0
-1257 -1783 197 202 box354 0 0 0
-1935 -1388 131 239 box355 0 0 0
-1522 -1705 221 131 box356 0 0 0
-1400 -1452 244 56 box357 0 0 0
-1519 -1489 72 193 box358 0 0 0
-1666 -1281 131 98 box359 0 0 0
-1343 -1434 136 66 box360 0 0 0
-1507 -1369 246 118 box361 0 0 0
-1888 -1163 177 87 box362 0 0 0
-1251 -1807 128 179 box363 0 0 0
-1583 -1196 198 193 box364 0 0 0
-1920 -1377 100 200 box365 0 0 0
-1447 -1533 149 109 box366 0 0 0
-1147 -1000 97 221 box367 0 0 0
-1441 -1983 135 64 box368 0 0 0
-1412 -1967 111 79 box369 0 0 0
-1267 -1100 247 98 box370 0 0 0
-1505 -1279 183 51 box371 0 0 0
-1015 -1860 126 129 box372 0 0 0
-1044 -1568 189 90 box373 0 0 0
-1045 -1018 176 250 box374 0 0 0
-1820 -1712 180 180 box375 0 0 0
-1030 -1991 59 95 box376 0 0 0
-1331 -1775 119 145 box377 0 0 0
-1544 -1502 222 125 box378 0 0 0
-1627 -1034 188 150 box379 0 0 0
-1654 -1693 204 113 box380 0 0 0
-1095 -1880 52 69 box381 0 0 0
-1441 -1435 72 203 box382 0 0 0
-1149 -1982 111 126 box383 0 0 0
-1558 -1195 96 141 box384 0 0 0
-1959 -1681 158 208 box385 0 0 0
-1297 -1908 127 66 box386 0 0 0
-1676 -1771 122 69 box387 0 0 0
-1824 -1910 216 131 box388 0 0 0
-1195 -1228 117 188 box389 0 0 0
-1936 -1168 153 184 box390 0 0 0
-1730 -1699 130 113 box391 0 0 0
-1909 -1233 238 190 box392 0 0 0
-1111 -1629 192 87 box393 0 0 0
-1078 -1017 169 60 box394 0 0 0
-1985 -1303 64 131 box395 0 0 0
-1495 -1094 138 182 box396 0 0 0
-1803 -1793 107 225 box397 0 0 0
-1530 -1762 115 231 box398 0 0 0
-1164 -1281 154 124 box399 0 0 0
-1667 -1428 56 59 box400 0 0 0
-1417 -1297 110 117 box401 0 0 0
-1341 -1487 140 241 box402 0 0 0
-1221 -1181 185 181 box403 0 0 0
-1076 -1518 156 90 box404 0 0 0
-1444 -1810 51 74 box405 0 0 0
-1193 -1658 62 198 box406 0 0 0
-1919 -1940 195 60 box407 0 0 0
-1856 -1736 128 186 box408 0 0 0
-1302 -1216 63 152 box409 0 0 0
-1037 -1603 250 173 box410 0 0 0
-1857 -1748 145 174 box411 0 0 0
-1733 -1350 236 103 box412 0 0 0
-1980 -1309 248 147 box413 0 0 0
-1801 -1519 86 154 box414 0 0 0
-1264 -1943 174 138 box415 0 0 0
-1728 -1537 219 213 box416 0 0 0
-1265 -1651 121 164 box417 0 0 0
-1496 -1812 76 237 box418 0 0 0
-1963 -1402 103 184 box419 0 0 0
-1274 -1450 140 78 box420 0 0 0
-1072 -1585 109 181 box421 0 0 0
-1192 -1106 77 192 box422 0 0 0
-1276 -1292 86 97 box423 0 0 0
-1178 -1906 83 214 box424 0 0 0
-1401 -1453 230 247 box425 0 0 0
-1069 -1518 208 232 box426 0 0 0
-1411 -1340 108 214 box427 0 0 0
-1210 -1308 225 91 box428 0 0 0
-1457 -1989 139 224 box429 0 0 0
-1912 -1404 110 216 box430 0 0 0
-1892 -1846 240 185 box431 0 0 0
-1332 -1544 83 83 box432 0 0 0
-1347 -1739 239 202 box433 0 0 0
-1490 -1960 221 185 box434 0 0 0
-1410 -1018 111 170 box435 0 0 0
-1018 -1105 236 50 box436 0 0 0
-1199 -1665 124 247 box437 0 0 0
-1938 -1497 57 162 box438 0 0 0
-1324 -1456 217 184 box439 0 0 0
-1488 -1580 162 120 box440 0 0 0
-1334 -1888 87 169 box441 0 0 0
-1720 -1392 88 119 box442 0 0 0
-1709 -1952 147 93 box443 0 0 0
-1347 -1183 129 64 box444 0 0 0
-1907 -1022 161 130 box445 0 0 0
-1951 -1690 193 167 box446 0 0 0
-1120 -1770 103 182 box447 0 0 0
-1174 -1304 59 57 box448 0 0 0
-1874 -1130 210 193 box449 0 0 0
-1156 -1375 171 105 box450 0 0 0
-1916 -1184 150 133 box451 0 0 0
-1546 -1780 230 71 box452 0 0 0
-1313 -1792 216 93 box453 0 0 0
-1066 -1918 178 208 box454 0 0 0
-1424 -1493 87 192 box455 0 0 0
-1826 -1168 112 238 box456 0 0 0
-1600 -1170 133 234 box457 0 0 0
-1901 -1485 230 207 box458 0 0 0
-1916 -1820 144 159 box459 0 0 0
-1930 -1558 81 228 box460 0 0 0
-1899 -1234 178 250 box461 0 0 0
-1369 -1544 64 61 box462 0 0 0
-1921 -1861 235 150 box463 0 0 0
-1110 -1311 51 224 box464 0 0 0
-1690 -1560 86 185 box465 0 0 0
-1224 -1135 215 123 box466 0 0 0
-1194 -1221 51 166 box467 0 0 0
-1987 -1607 200 102 box468 0 0 0
-1534 -1872 209 55 box469 0 0 0
-1848 -1355 99 131 box470 0 0 0
-1363 -1633 116 93 box471 0 0 0
-1599 -1241 197 199 box472 0 0 0
-1388 -1586 173 245 box473 0 0 0
-1894 -1957 72 166 box474 0 0 0
-1567 -1549 82 57 box475 0 0 0
-1641 -1911 106 95 box476 0 0 0
-1367 -1552 168 63 box477 0 0 0
-1725 -1034 129 245 box478 0 0 0
-1102 -1631 191 199 box479 0 0 0
-1834 -1686 62 169 box480 0 0 0
-1272 -1125 207 134 box481 0 0 0
-1055 -1684 146 67 box482 0 0 0
-1126 -1285 152 61 box483 0 0 0
-1311 -1617 121 210 box484 0 0 0
-1614 -1648 220 161 box485 0 0 0
-1391 -1690 189 232 box486 0 0 0
-1030 -1203 216 151 box487 0 0 0
-1053 -1740 164 148 box488 0 0 0
-1461 -1050 97 104 box489 0 0 0
-1612 -1536 166 177 box490 0 0 0
-1827 -1644 53 124 box491 0 0 0
-1060 -1825 147 75 box492 0 0 0
-1352 -1064 202 149 box493 0 0 0
-1205 -1063 113 164 box494 0 0 0
-1372 -1228 233 157 box495 0 0 0
-1937 -1185 198 181 box496 0 0 0
-1200 -1294 230 104 box497 0 0 0
-1378 -1363 59 59 box498 0 0 0
-1693 -1694 87 116 box499 0 0 0
-1652 -1739 80 146 box500 0 0 0
-1937 -1496 74 148 box501 0 0 0
-1965 -1113 118 112 box502 0 0 0
-1686 -1904 193 139 box503 0 0 0
-1861 -1969 65 124 box504 0 0 0
-1481 -1583 103 219 box505 0 0 0
-1601 -1647 145 107 box506 0 0 0
-1023 -1973 242 212 box507 0 0 0
-1078 -1515 217 89 box508 0 0 0
-1319 -1433 58 192 box509 0 0 0
-1899 -1168 227 171 box510 0 0 0
-1068 -1429 121 135 box511 0 0 0
-1377 -1930 56 246 box512 0 0 0
-1686 -1433 99 243 box513 0 0 0
-1025 -1088 140 128 box514 0 0 0
-1981 -1605 195 115 box515 0 0 0
-1242 -1209 246 185 box516 0 0 0
-1992 -1423 97 239 box517 0 0 0
-1941 -1508 249 66 box518 0 0 0
-1953 -1325 155 116 box519 0 0 0
-1267 -1602 60 54 box520 0 0 0
-1473 -1363 97 99 box521 0 0 0
-1773 -1020 153 138 box522 0 0 0
-1794 -1244 123 56 box523 0 0 0
-1275 -1564 54 139 box524 0 0 0
-1307 -1013 208 170 box525 0 0 0
-1727 -1782 190 119 box526 0 0 0
-1367 -1379 117 158 box527 0 0 0
-1484 -1412 153 51 box528 0 0 0
-1837 -1743 66 212 box529 0 0 0
-1727 -1466 84 191 box530 0 0 0
-1499 -1336 106 163 box531 0 0 0
-1215 -1220 107 79 box532 0 0 0
-1161 -1807 111 173 box533 0 0 0
-1591 -1594 50 92 box534 0 0 0
-1618 -1168 117 64 box535 0 0 0
-1946 -1949 201 180 box536 0 0 0
-1836 -1676 69 146 box537 0 0 0
-1675 -1814 237 141 box538 0 0 0
-1199 -1858 98 100 box539 0 0 0
-1068 -1715 85 145 box540 0 0 0
-1516 -1466 218 160 box541 0 0 0
-1777 -1442 222 159 box542 0 0 0
-1608 -1329 176 145 box543 0 0 0
-1479 -1754 80 186 box544 0 0 0
-1866 -1324 71 163 box545 0 0 0
-1843 -1675 88 75 box546 0 0 0
-1334 -1311 158 246 box547 0 0 0
-1541 -1275 241 101 box548 0 0 0
-1934 -1918 239 172 box549 0 0 0
-1021 -1988 86 97 box550 0 0 0
-1309 -1025 191 240 box551 0 0 0
-1406 -1210 242 242 box552 0 0 0
-1860 -1172 118 66 box553 0 0 0
-1689 -1289 127 91 box554 0 0 0
-1408 -1523 243 93 box555 0 0 0
-1510 -1022 240 115 box556 0 0 0
-1515 -1615 169 154 box557 0 0 0
-1236 -1051 235 128 box558 0 0 0
-1762 -1953 164 105 box559 0 0 0
-1690 -1447 149 136 box560 0 0 0
-1617 -1174 168 156 box561 0 0 0
-1840 -1057 232 103 box562 0 0 0
-1732 -1582 191 59 box563 0 0 0
-1086 -1035 129 200 box564 0 0 0
-1430 -1602 103 175 box565 0 0 0
-1768 -1410 228 80 box566 0 0 0
-1812 -1596 184 218 box567 0 0 0
-1791 -1695 244 74 box568 0 0 0
-1943 -1136 248 66 box569 0 0 0
-1625 -1072 77 61 box570 0 0 0
-1215 -1373 140 73 box571 0 0 0
-1283 -1229 149 166 box572 0 0 0
-1711 -1919 231 223 box573 0 0 0
-1929 -1677 246 189 box574 0 0 0
-1373 -1499 243 164 box575 0 0 0
-1075 -1877 163 88 box576 0 0 0
-1036 -1863 102 145 box577 0 0 0
-1813 -1058 117 108 box578 0 0 0
-1308 -1306 132 197 box579 0 0 0
-1350 -1267 139 248 box580 0 0 0
-1666 -1399 230 209 box581 0 0 0
-1202 -1214 240 130 box582 0 0 0
-1222 -1206 212 58 box583 0 0 0
-1876 -1812 146 216 box584 0 0 0
-1374 -1483 150 52 box585 0 0 0
-1133 -1427 220 228 box586 0 0 0
-1790 -1381 83 192 box587 0 0 0
-1439 -1918 140 99 box588 0 0 0
-1937 -1670 72 149 box589 0 0 0
-1040 -1486 173 187 box590 0 0 0
-1412 -1114 66 136 box591 0 0 0
-1962 -1271 227 127 box592 0 0 0
-1499 -1388 124 181 box593 0 0 0
-1756 -1489 234 208 box594 0 0 0
-1514 -1067 224 151 box595 0 0 0
-1936 -1636 165 203 box596 0 0 0
-1497 -1418 233 203 box597 0 0 0
-1064 -1384 191 58 box598 0 0 0
-1593 -1086 74 144 box599 0 0 0
-1804 -1396 217 101 box600 0 0 0
-1553 -1497 226 230 box601 0 0 0
-1022 -1245 201 65 box602 0 0 0
-1929 -1419 54 80 box603 0 0 0
-1661 -1304 238 241 box604 0 0 0
-1127 -1326 72 220 box605 0 0 0
-1129 -1753 235 70 box606 0 0 0
-1954 -1576 199 146 box607 0 0 0
-1573 -1016 143 242 box608 0 0 0
-1952 -1319 179 225 box609 0 0 0
-1503 -1060 168 225 box610 0 0 0
-1493 -1021 197 110 box611 0 0 0
-1607 -1170 177 122 box612 0 0 0
-1676 -1668 249 190 box613 0 0 0
-1258 -1538 246 161 box614 0 0 0
-1549 -1300 90 129 box615 0 0 0
-1615 -1124 209 66 box616 0 0 0
-1240 -1359 178 105 box617 0 0 0
-1942 -1787 167 147 box618 0 0 0
-1797 -1988 142 89 box619 0 0 0
-1734 -1705 185 188 box620 0 0 0
-1588 -1712 106 212 box621 0 0 0
-1913 -1909 148 91 box622 0 0 0
-1704 -1767 103 203 box623 0 0 0
-1236 -1605 218 122 box624 0 0 0
-1503 -1653 115 133 box625 0 0 0
-1782 -1112 220 90 box626 0 0 0
-1965 -1223 87 181 box627 0 0 0
-1702 -1270 58 181 box628 0 0 0
-1586 -1523 88 103 box629 0 0 0
-1522 -1396 71 233 box630 0 0 0
-1347 -1809 70 192 box631 0 0 0
-1186 -1036 169 153 box632 0 0 0
-1628 -1824 190 85 box633 0 0 0
-1170 -1681 151 150 box634 0 0 0
-1193 -1428 130 61 box635 0 0 0
-1607 -1129 196 67 box636 0 0 0
-1254 -1489 138 201 box637 0 0 0
-1949 -1491 126 192 box638 0 0 0
-1472 -1728 137 237 box639 0 0 0
-1911 -1156 54 149 box640 0 0 0
-1100 -1226 85 64 box641 0 0 0
-1690 -1561 176 225 box642 0 0 0
-1276 -1094 238 142 box643 0 0 0
-1984 -1967 186 230 box644 0 0 0
-1716 -1994 86 165 box645 0 0 0
-1493 -1576 234 180 box646 0 0 0
-1143 -1943 124 196 box647 0 0 0
-1294 -1601 56 98 box648 0 0 0
-1211 -1806 176 75 box649 0 0 0
-1889 -1453 100 248 box650 0 0 0
-1549 -1243 98 143 box651 0 0 0
-1066 -1631 208 81 box652 0 0 0
-1694 -1746 52 175 box653 0 0 0
-1424 -1934 90 233 box654 0 0 0
-1228 -1340 160 53 box655 0 0 0
-1187 -1164 153 217 box656 0 0 0
-1852 -1770 131 66 box657 0 0 0
-1957 -1747 127 157 box658 0 0 0
-1677 -1689 74 96 box659 0 0 0
-1055 -1393 239 238 box660 0 0 0
-1450 -1718 55 120 box661 0 0 0
-1443 -1533 201 200 box662 0 0 0
-1195 -1663 61 108 box663 0 0 0
-1346 -1597 123 135 box664 0 0 0
-1919 -1119 126 77 box665 0 0 0
-1110 -1996 51 114 box666 0 0 0
-1396 -1038 238 170 box667 0 0 0
-1059 -1688 50 145 box668 0 0 0
-1580 -1675 213 211 box669 0 0 0
-1426 -1507 54 157 box670 0 0 0
-1048 -1384 134 180 box671 0 0 0
-1760 -1014 126 104 box672 0 0 0
-1705 -1384 211 95 box673 0 0 0
-1944 -1381 69 103 box674 0 0 0
-1513 -1692 138 237 box675 0 0 0
-1417 -1109 202 61 box676 0 0 0
-1011 -1440 123 190 box677 0 0 0
-1478 -1148 137 195 box678 0 0 0
-1127 -1301 191 200 box679 0 0 0
-1852 -1226 124 203 box680 0 0 0
-1776 -1887 136 204 box681 0 0 0
-1279 -1305 156 124 box682 0 0 0
-1902 -1315 234 89 box683 0 0 0
-1639 -1148 248 66 box684 0 0 0
-1744 -1836 94 95 box685 0 0 0
-1878 -1646 135 217 box686 0 0 0
-1107 -1739 120 234 box687 0 0 0
-1485 -1935 74 107 box688 0 0 0
-1033 -1272 157 215 box689 0 0 0
-1850 -1274 87 195 box690 0 0 0
-1770 -1895 67 250 box691 0 0 0
-1671 -1986 144 65 box692 0 0 0
-1048 -1536 113 103 box693 0 0 0
-1869 -1879 115 154 box694 0 0 0
-1729 -1553 123 242 box695 0 0 0
-1956 -1797 120 135 box696 0 0 0
-1180 -1920 213 57 box697 0 0 0
-1146 -1275 247 151 box698 0 0 0
-1128 -1680 70 149 box699 0 0 0
-1957 -1963 238 167 box700 0 0 0
-1593 -1684 71 99 box701 0 0 0
-1867 -1887 147 159 box702 0 0 0
-1273 -1183 79 126 box703 0 0 0
-1056 -1309 202 212 box704 0 0 0
-1519 -1798 132 177 box705 0 0 0
-1302 -1136 184 53 box706 0 0 0
-1059 -1982 187 135 box707 0 0 0
-1580 -1582 57 112 box708 0 0 0
-1314 -1012 145 97 box709 0 0 0
-1252 -1606 95 191 box710 0 0 0
-1623 -1278 173 98 box711 0 0 0
-1696 -1983 55 74 box712 0 0 0
-1157 -1872 243 138 box713 0 0 0
-1418 -1166 65 173 box714 0 0 0
-1978 -1370 240 82 box715 0 0 0
-1593 -1242 138 53 box716 0 0 0
-1224 -1516 214 216 box717 0 0 0
-1580 -1663 211 235 box718 0 0 0
-1460 -1599 71 86 box719 0 0 0
-1803 -1897 213 99 box720 0 0 0
-1271 -1429 173 235 box721 0 0 0
-1766 -1779 243 208 box722 0 0 0
-1365 -1742 144 184 box723 0 0 0
-1483 -1768 209 160 box724 0 0 0
-1664 -1246 249 101 box725 0 0 0
-1368 -1049 146 97 box726 0 0 0
-1067 -1173 150 137 box727 0 0 0
-1216 -1089 188 56 box728 0 0 0
-1370 -1289 237 64 box729 0 0 0
-1582 -1606 59 64 box730 0 0 0
-1511 -1992 116 144 box731 0 0 0
-1704 -1672 189 237 box732 0 0 0
-1045 -1787 99 116 box733 0 0 0
-1575 -1245 145 197 box734 0 0 0
-1269 -1292 59 225 box735 0 0 0
-1210 -1288 105 158 box736 0 0 0
-1767 -1531 238 149 box737 0 0 0
-1071 -1913 60 75 box738 0 0 0
-1036 -1599 64 189 box739 0 0 0
-1144 -1102 186 80 box740 0 0 0
-1850 -1510 135 143 box741 0 0 0
-1856 -1564 241 174 box742 0 0 0
-1219 -1305 158 229 box743 0 0 0
-1026 -1322 74 218 box744 0 0 0
-1109 -1560 80 129 box745 0 0 0
-1345 -1386 170 195 box746 0 0 0
-1632 -1310 191 68 box747 0 0 0
-1868 -1629 112 129 box748 0 0 0
-1626 -1320 204 183 box749 0 0 0
-1304 -1804 62 87 box750 0 0 0
-1143 -1617 97 159 box751 0 0 0
-1077 -1241 195 80 box752 0 0 0
-1585 -1041 165 169 box753 0 0 0
-1480 -1613 122 188 box754 0 0 0
-1320 -1134 192 250 box755 0 0 0
-1902 -1721 66 229 box756 0 0 0
-1992 -1915 241 156 box757 0 0 0
-1983 -1132 235 216 box758 0 0 0
-1334 -1899 218 143 box759 0 0 0
-1271 -1723 169 193 box760 0 0 0
-1508 -1231 181 148 box761 0 0 0
-1724 -1604 235 242 box762 0 0 0
-1401 -1403 52 104 box763 0 0 0
-1239 -1799 139 243 box764 0 0 0
-1899 -1781 91 96 box765 0 0 0
-1591 -1404 180 63 box766 0 0 0
-1155 -1614 152 217 box767 0 0 0
-1157 -1876 80 248 box768 0 0 0
-1202 -1855 109 61 box769 0 0 0
-1557 -1059 225 169 box770 0 0 0
-1300 -1241 55 147 box771 0 0 0
-1783 -1654 228 64 box772 0 0 0
-1105 -1467 84 172 box773 0 0 0
-1857 -1107 105 134 box774 0 0 0
-1303 -1284 234 142 box775 0 0 0
-1989 -1230 221 124 box776 0 0 0
-1856 -1957 235 223 box777 0 0 0
-1630 -1314 201 186 box778 0 0 0
-1985 -1037 179 195 box779 0 0 0
-1134 -1028 206 194 box780 0 0 0
-1435 -1255 242 245 box781 0 0 0
-1887 -1951 216 171 box782 0 0 0
-1013 -1429 83 209 box783 0 0 0
-1246 -1214 66 148 box784 0 0 0
-1197 -1643 116 69 box785 0 0 0
-1297 -1861 58 136 box786 0 0 0
-1489 -1238 98 185 box787 0 0 0
-1126 -1299 146 154 box788 0 0 0
-1047 -1544 84 116 box789 0 0 0
-1750 -1476 111 121 box790 0 0 0
-1384 -1158 216 203 box791 0 0 0
-1322 -1416 89 248 box792 0 0 0
-1551 -1547 232 158 box793 0 0 0
-1610 -1618 105 89 box794 0 0 0
-1182 -1818 163 180 box795 0 0 0
-1236 -1532 128 88 box796 0 0 0
-1169 -1201 223 99 box797 0 0 0
-1484 -1979 188 158 box798 0 0 0
-1790 -1578 250 249 box799 0 0 0
-1304 -1849 161 169 box800 0 0 0
-1047 -1301 136 159 box801 0 0 0
-1061 -1930 220 122 box802 0 0 0
-1236 -1546 246 151 box803 0 0 0
-1167 -1690 210 159 box804 0 0 0
-1569 -1153 168 230 box805 0 0 0
-1297 -1589 224 74 box806 0 0 0
-1467 -1853 77 188 box807 0 0 0
-1782 -1689 131 93 box808 0 0 0
-1150 -1125 80 61 box809 0 0 0
-1577 -1303 89 137 box810 0 0 0
-1894 -1984 91 204 box811 0 0 0
-1330 -1158 247 144 box812 0 0 0
-1141 -1649 110 248 box813 0 0 0
-1836 -1923 209 76 box814 0 0 0
-1191 -1204 108 168 box815 0 0 0
-1452 -1270 59 203 box816 0 0 0
-1597 -1767 218 180 box817 0 0 0
-1786 -1874 194 249 box818 0 0 0
-1259 -1219 141 142 box819 0 0 0
-1302 -1487 92 242 box820 0 0 0
-1056 -1936 154 232 box821 0 0 0
-1240 -1432 109 193 box822 0 0 0
-1073 -1592 231 66 box823 0 0 0
-1776 -1621 192 103 box824 0 0 0
-1519 -1504 175 139 box825 0 0 0
-1547 -1735 196 202 box826 0 0 0
-1447 -1138 138 110 box827 0 0 0
-1365 -1385 188 72 box828 0 0 0
-1817 -1319 83 165 box829 0 0 0
-1029 -1054 101 78 box830 0 0 0
-1292 -1823 229 74 box831 0 0 0
-1119 -1131 171 231 box832 0 0 0
-1056 -1406 102 91 box833 0 0 0
-1361 -1873 171 140 box834 0 0 0
-1171 -1415 119 153 box835 0 0 0
-1500 -1457 173 65 box836 0 0 0
-1996 -1633 172 164 box837 0 0 0
-1216 -1358 139 185 box838 0 0 0
-1094 -1707 182 107 box839 0 0 0
-1816 -1151 236 220 box840 0 0 0
-1215 -1601 213 97 box841 0 0 0
-1963 -1438 173 250 box842 0 0 0
-1479 -1786 200 243 box843 0 0 0
-1127 -1265 78 80 box844 0 0 0
-1499 -1506 202 240 box845 0 0 0
-1252 -1072 177 210 box846 0 0 0
-1798 -1844 60 194 box847 0 0 0
-1898 -1658 204 141 box848 0 0 0
-1271 -1950 240 144 box849 0 0 0
-1988 -1268 52 121 box850 0 0 0
-1220 -1717 213 73 box851 0 0 0
-1630 -1265 132 189 box852 0 0 0
-1772 -1622 242 146 box853 0 0 0
-1494 -1352 169 243 box854 0 0 0
-1788 -1894 139 77 box855 0 0 0
-1306 -1586 105 70 box856 0 0 0
-1369 -1168 194 141 box857 0 0 0
-1839 -1305 54 167 box858 0 0 0
-1316 -1530 61 246 box859 0 0 0
-1299 -1545 153 83 box860 0 0 0
-1859 -1932 249 148 box861 0 0 0
-1797 -1247 54 219 box862 0 0 0
-1783 -1781 174 235 box863 0 0 0
-1480 -1236 159 121 box864 0 0 0
-1454 -1233 185 98 box865 0 0 0
-1291 -1975 220 218 box866 0 0 0
-1756 -1280 157 94 box867 0 0 0
-1924 -1411 150 73 box868 0 0 0
-1608 -1911 84 221 box869 0 0 0
-1447 -1766 171 71 box870 0 0 0
-1042 -1484 220 52 box871 0 0 0
-1025 -1600 168 200 box872 0 0 0
-1540 -1388 217 173 box873 0 0 0
-1354 -1598 186 124 box874 0 0 0
-1597 -1610 204 63 box875 0 0 0
-1197 -1805 135 94 box876 0 0 0
-1465 -1626 94 67 box877 0 0 0
-1645 -1013 50 157 box878 0 0 0
-1689 -1779 226 229 box879 0 0 0
-1989 -1093 139 53 box880 0 0 0
-1711 -1725 182 214 box881 0 0 0
-1206 -1864 172 151 box882 0 0 0
-1495 -1426 191 116 box883 0 0 0
-1516 -1824 105 84 box884 0 0 0
-1152 -1139 126 106 box885 0 0 0
-1816 -1320 217 62 box886 0 0 0
-1118 -1438 236 189 box887 0 0 0
-1114 -1765 67 242 box888 0 0 0
-1121 -1808 74 203 box889 0 0 0
-1524 -1680 206 194 box890 0 0 0
-1647 -1161 211 139 box891 0 0 0
-1976 -1260 53 225 box892 0 0 0
-1254 -1309 113 83 box893 0 0 0
-1090 -1643 185 177 box894 0 0 0
-1590 -1087 177 78 box895 0 0 0
-1852 -1352 149 134 box896 0 0 0
-1992 -1523 178 241 box897 0 0 0
-1625 -1851 97 153 box898 0 0 0
-1316 -1043 248 129 box899 0 0 0
-1640 -1534 174 86 box900 0 0 0
-1158 -1050 86 245 box901 0 0 0
-1502 -1633 66 120 box902 0 0 0
-1168 -1351 88 166 box903 0 0 0
-1084 -1755 163 133 box904 0 0 0
-1878 -1816 66 139 box905 0 0 0
-1793 -1341 60 152 box906 0 0 0
-1367 -1890 175 209 box907 0 0 0
-1214 -1758 241 81 box908 0 0 0
-1794 -1543 175 174 box909 0 0 0
-1585 -1834 168 129 box910 0 0 0
-1721 -1382 87 220 box911 0 0 0
-1663 -1032 92 247 box912 0 0 0
-1403 -1362 220 233 box913 0 0 0
-1747 -1277 88 137 box914 0 0 0
-1202 -1719 163 224 box915 0 0 0
-1900 -1676 236 236 box916 0 0 0
-1216 -1021 198 166 box917 0 0 0
-1511 -1688 189 247 box918 0 0 0
-1450 -1920 196 141 box919 0 0 0
-1608 -1141 109 115 box920 0 0 0
-1733 -1694 193 181 box921 0 0 0
-1174 -1209 188 69 box922 0 0 0
-1558 -1668 78 129 box923 0 0 0
-1067 -1249 126 190 box924 0 0 0
-1021 -1517 57 226 box925 0 0 0
-1950 -1592 224 152 box926 0 0 0
-1627 -1175 115 156 box927 0 0 0
-1379 -1727 175 178 box928 0 0 0
-1894 -1340 55 151 box929 0 0 0
-1934 -1587 139 136 box930 0 0 0
-1503 -1873 74 199 box931 0 0 0
-1057 -1544 75 199 box932 0 0 0
-1608 -1323 168 91 box933 0 0 0
-1214 -1839 153 136 box934 0 0 0
-1591 -1210 60 194 box935 0 0 0
-1931 -1598 57 114 box936 0 0 0
-1717 -1888 154 237 box937 0 0 0
-1583 -1282 128 128 box938 0 0 0
-1648 -1997 205 231 box939 0 0 0
-1114 -1580 238 148 box940 0 0 0
-1239 -1791 227 216 box941 0 0 0
-1110 -1618 59 107 box942 0 0 0
-1014 -1349 129 114 box943 0 0 0
-1593 -1456 104 216 box944 0 0 0
-1837 -1925 138 250 box945 0 0 0
-1649 -1593 139 71 box946 0 0 0
-1200 -1293 217 141 box947 0 0 0
-1451 -1273 172 133 box948 0 0 0
-1452 -1066 231 160 box949 0 0 0
-1618 -1807 222 197 box950 0 0 0
-1111 -1713 104 87 box951 0 0 0
-1459 -1432 63 180 box952 0 0 0
-1223 -1889 142 114 box953 0 0 0
-1564 -1716 130 201 box954 0 0 0
-1171 -1482 143 161 box955 0 0 0
-1245 -1966 211 72 box956 0 0 0
-1119 -1558 61 220 box957 0 0 0
-1416 -1445 102 142 box958 0 0 0
-1958 -1947 81 207 box959 0 0 0
-1263 -1078 79 141 box960 0 0 0
-1914 -1217 210 85 box961 0 0 0
-1991 -1269 78 172 box962 0 0 0
-1908 -1403 123 250 box963 0 0 0
-1847 -1159 96 107 box964 0 0 0
-1974 -1261 110 199 box965 0 0 0
-1624 -1471 165 117 box966 0 0 0
-1167 -1493 229 85 box967 0 0 0
-1970 -1583 86 245 box968 0 0 0
-1281 -1140 63 118 box969 0 0 0
-1029 -1771 135 55 box970 0 0 0
-1559 -1627 178 66 box971 0 0 0
-1305 -1253 162 179 box972 0 0 0
-1759 -1906 237 226 box973 0 0 0
-1793 -1981 65 102 box974 0 0 0
-1426 -1584 232 59 box975 0 0 0
-1716 -1084 207 249 box976 0 0 0
-1235 -1684 122 111 box977 0 0 0
-1953 -1428 249 155 box978 0 0 0
-1608 -1520 229 212 box979 0 0 0
-1109 -1335 133 74 box980 0 0 0
-1820 -1281 222 142 box981 0 0 0
-1707 -1025 51 104 box982 0 0 0
-1752 -1247 51 166 box983 0 0 0
-1605 -1621 173 144 box984 0 0 0
-1550 -1664 109 57 box985 0 0 0
-1261 -1342 176 177 box986 0 0 0
-1343 -1772 95 194 box987 0 0 0
-1447 -1657 132 181 box988 0 0 0
-1566 -1497 120 115 box989 0 0 0
-1058 -1288 162 141 box990 0 0 0
-1230 -1304 148 181 box991 0 0 0
-1911 -1861 93 127 box992 0 0 0
-1276 -1425 224 83 box993 0 0 0
-1631 -1513 50 53 box994 0 0 0
-1651 -1067 73 231 box995 0 0 0
-1210 -1363 67 106 box996 0 0 0
-1478 -1400 91 218 box997 0 0 0
-1770 -1615 241 53 box998 0 0 0
-1019 -1837 76 192 box999 0 0 0
-1876 -1957 78 214 box1000 0 0 0
-1059 -1372 175 230 box1001 0 0 0
-1437 -1159 203 129 box1002 0 0 0
-1956 -1418 176 73 box1003 0 0 0
-1724 -1760 247 83 box1004 0 0 0
-1107 -1156 183 65 box1005 0 0 0
-1670 -1274 114 100 box1006 0 0 0
-1076 -1988 83 198 box1007 0 0 0
-1439 -1899 236 52 box1008 0 0 0
-1616 -1173 158 60 box1009 0 0 0
-1492 -1867 164 184 box1010 0 0 0
-1017 -1833 88 188 box1011 0 0 0
-1280 -1846 168 157 box1012 0 0 0
-1335 -1728 145 159 box1013 0 0 0
-1553 -1696 210 166 box1014 0 0 0
-1227 -1692 117 132 box1015 0 0 0
-1453 -1161 63 96 box1016 0 0 0
-1468 -1552 67 50 box1017 0 0 0
-1573 -1646 55 196 box1018 0 0 0
-1930 -1172 209 158 box1019 0 0 0
-1081 -1777 132 204 box1020 0 0 0
-1584 -1340 209 152 box1021 0 0 0
-1181 -1738 135 142 box1022 0 0 0
-1303 -1413 207 228 box1023 0 0 0
-1260 -1321 245 225 box1024 0 0 0
-1468 -1763 79 200 box1025 0 0 0
-1631 -1669 187 176 box1026 0 0 0
-1324 -1768 216 88 box1027 0 0 0
-1556 -1609 222 94 box1028 0 0 0
-1612 -1274 102 198 box1029 0 0 0
-1959 -1886 114 146 box1030 0 0 0
-1001 -1408 84 55 box1031 0 0 0
-1849 -1174 77 126 box1032 0 0 0
-1805 -1117 78 222 box1033 0 0 0
-1846 -1533 72 145 box1034 0 0 0
-1696 -1537 80 194 box1035 0 0 0
-1306 -1820 120 148 box1036 0 0 0
-1772 -1607 57 168 box1037 0 0 0
-1784 -1583 145 107 box1038 0 0 0
-1086 -1462 173 86 box1039 0 0 0
-1701 -1884 228 118 box1040 0 0 0
-1940 -1927 234 149 box1041 0 0 0
-1041 -1260 212 154 box1042 0 0 0
-1816 -1397 82 217 box1043 0 0 0
-1903 -1786 105 81 box1044 0 0 0
-1959 -1678 191 59 box1045 0 0 0
-1727 -1904 228 186 box1046 0 0 0
-1129 -1682 187 129 box1047 0 0 0
-1205 -1037 173 139 box1048 0 0 0
-1464 -1088 208 143 box1049 0 0 0
-1537 -1242 99 56 box1050 0 0 0
-1052 -1853 181 218 box1051 0 0 0
-1083 -1573 241 234 box1052 0 0 0
-1399 -1885 112 185 box1053 0 0 0
-1560 -1613 156 149 box1054 0 0 0
-1767 -1176 142 93 box1055 0 0 0
-1984 -1178 177 132 box1056 0 0 0
-1243 -1765 166 74 box1057 0 0 0
-1558 -1823 229 139 box1058 0 0 0
-1578 -1671 230 169 box1059 0 0 0
-1556 -1143 197 175 box1060 0 0 0
-1127 -1683 128 180 box1061 0 0 0
-1759 -1369 119 190 box1062 0 0 0
-1235 -1109 141 224 box1063 0 0 0
-1297 -1954 108 73 box1064 0 0 0
-1741 -1646 154 132 box1065 0 0 0
-1560 -1506 75 104 box1066 0 0 0
-1900 -1886 186 170 box1067 0 0 0
-1462 -1886 222 73 box1068 0 0 0
-1506 -1262 239 190 box1069 0 0 0
-1702 -1259 86 114 box1070 0 0 0
-1047 -1438 176 67 box1071 0 0 0
-1171 -1226 209 147 box1072 0 0 0
-1959 -1745 125 226 box1073 0 0 0
-1908 -1696 129 61 box1074 0 0 0
-1857 -1114 88 242 box1075 0 0 0
-1382 -1346 174 140 box1076 0 0 0
-1708 -1665 143 88 box1077 0 0 0
-1531 -1265 247 156 box1078 0 0 0
-1843 -1651 145 99 box1079 0 0 0
-1269 -1230 135 163 box1080 0 0 0
-1028 -1073 116 185 box1081 0 0 0
-1195 -1217 246 156 box1082 0 0 0
-1566 -1978 84 103 box1083 0 0 0
-1126 -1234 97 181 box1084 0 0 0
-1764 -1931 216 58 box1085 0 0 0
-1028 -1795 157 155 box1086 0 0 0
-1270 -1025 236 124 box1087 0 0 0
-1487 -1886 124 154 box1088 0 0 0
-1826 -1702 57 157 box1089 0 0 0
-1453 -1325 101 141 box1090 0 0 0
-1003 -1414 201 222 box1091 0 0 0
-1147 -1422 224 238 box1092 0 0 0
-1983 -1896 150 212 box1093 0 0 0
-1946 -1416 185 183 box1094 0 0 0
-1577 -1372 124 238 box1095 0 0 0
-1159 -1542 208 150 box1096 0 0 0
-1356 -1757 187 213 box1097 0 0 0
-1885 -1902 153 193 box1098 0 0 0
-1952 -1896 164 159 box1099 0 0 0
-1127 -1204 190 161 box1100 0 0 0
-1270 -1186 118 174 box1101 0 0 0
-1466 -1387 78 117 box1102 0 0 0
-1346 -1820 181 83 box1103 0 0 0
-1524 -1176 221 230 box1104 0 0 0
-1426 -1632 218 129 box1105 0 0 0
-1394 -1787 246 103 box1106 0 0 0
-1999 -1889 199 208 box1107 0 0 0
-1923 -1773 218 227 box1108 0 0 0
-1071 -1487 184 89 box1109 0 0 0
-1742 -1600 198 72 box1110 0 0 0
-1961 -1499 78 201 box1111 0 0 0
-1582 -1194 183 70 box1112 0 0 0
-1383 -1775 171 221 box1113 0 0 0
-1381 -1451 234 91 box1114 0 0 0
-1592 -1715 212 173 box1115 0 0 0
-1883 -1009 129 128 box1116 0 0 0
-1431 -1484 109 218 box1117 0 0 0
-1362 -1104 74 159 box1118 0 0 0
-1142 -1599 175 64 box1119 0 0 0
-1239 -1691 110 177 box1120 0 0 0
-1970 -1636 151 97 box1121 0 0 0
-1357 -1527 148 177 box1122 0 0 0
-1457 -1695 214 193 box1123 0 0 0
-1738 -1427 134 179 box1124 0 0 0
-1197 -1447 156 144 box1125 0 0 0
-1823 -1641 249 120 box1126 0 0 0
-1148 -1098 126 56 box1127 0 0 0
-1841 -1392 216 60 box1128 0 0 0
-1404 -1249 162 111 box1129 0 0 0
-1860 -1599 232 217 box1130 0 0 0
-1180 -1204 111 98 box1131 0 0 0
-1710 -1231 249 101 box1132 0 0 0
-1816 -1648 69 172 box1133 0 0 0
-1379 -1849 56 117 box1134 0 0 0
-1837 -1508 76 81 box1135 0 0 0
-1696 -1185 99 73 box1136 0 0 0
-1300 -1917 101 116 box1137 0 0 0
-1806 -1621 103 83 box1138 0 0 0
-1360 -1886 91 63 box1139 0 0 0
-1194 -1785 61 244 box1140 0 0 0
-1008 -1416 97 114 box1141 0 0 0
-1193 -1524 212 132 box1142 0 0 0
-1132 -1130 68 169 box1143 0 0 0
-1816 -1913 157 160 box1144 0 0 0
-1548 -1729 163 94 box1145 0 0 0
-1604 -1501 187 51 box1146 0 0 0
-1987 -1703 247 175 box1147 0 0 0
-1290 -1350 176 184 box1148 0 0 0
-1360 -1607 173 112 box1149 0 0 0
-1866 -1157 240 154 box1150 0 0 0
-1767 -1061 243 59 box1151 0 0 0
-1382 -1047 184 105 box1152 0 0 0
-1632 -1573 226 141 box1153 0 0 0
-1838 -1779 99 242 box1154 0 0 0
-1324 -1148 154 224 box1155 0 0 0
-1529 -1877 174 98 box1156 0 0 0
-1994 -1136 127 222 box1157 0 0 0
-1962 -1867 52 203 box1158 0 0 0
-1804 -1190 225 217 box1159 0 0 0
-1280 -1224 161 101 box1160 0 0 0
-1108 -1864 63 73 box1161 0 0 0
-1791 -1418 243 172 box1162 0 0 0
-1706 -1979 102 139 box1163 0 0 0
-1411 -1212 241 191 box1164 0 0 0
-1633 -1183 84 222 box1165 0 0 0
-1747 -1198 149 110 box1166 0 0 0
-1376 -1670 138 214 box1167 0 0 0
-1359 -1503 71 161 box1168 0 0 0
-1071 -1338 161 225 box1169 0 0 0
-1447 -1547 230 184 box1170 0 0 0
-1064 -1271 249 161 box1171 0 0 0
-1607 -1101 147 91 box1172 0 0 0
-1272 -1985 68 207 box1173 0 0 0
-1662 -1389 232 134 box1174 0 0 0
-1685 -1711 200 162 box1175 0 0 0
-1378 -1369 85 120 box1176 0 0 0
-1480 -1468 73 52 box1177 0 0 0
-1700 -1981 245 250 box1178 0 0 0
-1135 -1371 64 245 box1179 0 0 0
-1755 -1505 72 237 box1180 0 0 0
-1304 -1570 187 187 box1181 0 0 0
-1844 -1039 194 140 box1182 0 0 0
-1001 -1581 120 63 box1183 0 0 0
-1588 -1939 169 233 box1184 0 0 0
-1832 -1312 60 131 box1185 0 0 0
-1200 -1165 86 138 box1186 0 0 0
-1196 -1678 105 68 box1187 0 0 0
-1929 -1754 166 89 box1188 0 0 0
-1862 -1233 249 95 box1189 0 0 0
-1401 -1443 121 227 box1190 0 0 0
-1665 -1550 107 70 box1191 0 0 0
-1148 -1020 78 162 box1192 0 0 0
-1958 -1929 78 145 box1193 0 0 0
-1245 -1712 132 54 box1194 0 0 0
-1914 -1384 224 231 box1195 0 0 0
-1638 -1338 197 130 box1196 0 0 0
-1944 -1326 146 180 box1197 0 0 0
-1610 -1318 91 92 box1198 0 0 0
-1085 -1206 54 228 box1199 0 0 0
-1922 -1581 178 198 box1200 0 0 0
-1757 -1963 172 106 box1201 0 0 0
-1093 -1918 164 216 box1202 0 0 0
-1966 -1950 163 243 box1203 0 0 0
-1096 -1704 109 57 box1204 0 0 0
-1617 -1994 86 217 box1205 0 0 0
-1450 -1279 183 75 box1206 0 0 0
-1739 -1406 158 113 box1207 0 0 0
-1470 -1751 202 54 box1208 0 0 0
-1199 -1794 85 149 box1209 0 0 0
-1707 -1241 145 64 box1210 0 0 0
-1366 -1624 164 136 box1211 0 0 0
-1479 -1928 246 185 box1212 0 0 0
-1752 -1909 141 86 box1213 0 0 0
-1601 -1101 63 117 box1214 0 0 0
-1701 -1060 97 222 box1215 0 0 0
-1057 -1082 99 52 box1216 0 0 0
-1057 -1388 248 113 box1217 0 0 0
-1221 -1039 250 55 box1218 0 0 0
-1459 -1715 156 73 box1219 0 0 0
-1874 -1512 153 55 box1220 0 0 0
-1289 -1537 106 203 box1221 0 0 0
-1181 -1986 188 182 box1222 0 0 0
-1324 -1609 61 160 box1223 0 0 0
-1384 -1499 205 142 box1224 0 0 0
-1705 -1714 191 174 box1225 0 0 0
-2000 -1094 227 60 box1226 0 0 0
-1394 -1325 163 114 box1227 0 0 0
-1329 -1856 155 216 box1228 0 0 0
-1767 -1876 242 84 box1229 0 0 0
-1271 -1293 219 59 box1230 0 0 0
-1821 -1551 114 66 box1231 0 0 0
-1586 -1404 246 80 box1232 0 0 0
-1315 -1058 129 210 box1233 0 0 0
-1314 -1081 234 170 box1234 0 0 0
-1922 -1822 112 50 box1235 0 0 0
-1599 -1311 177 245 box1236 0 0 0
-1264 -1976 128 183 box1237 0 0 0
-1864 -1546 207 148 box1238 0 0 0
-1680 -1120 223 183 box1239 0 0 0
-1766 -1571 144 60 box1240 0 0 0
-1398 -1238 186 224 box1241 0 0 0
-1667 -1634 218 103 box1242 0 0 0
-1062 -1361 218 200 box1243 0 0 0
-1872 -1601 140 132 box1244 0 0 0
-1191 -1420 221 60 box1245 0 0 0
-1177 -1694 186 73 box1246 0 0 0
-1252 -1665 55 78 box1247 0 0 0
-1200 -1197 219 73 box1248 0 0 0
-1269 -1336 170 142 box1249 0 0 0
-1733 -1751 117 192 box1250 0 0 0
-1703 -1161 182 180 box1251 0 0 0
-1772 -1134 161 86 box1252 0 0 0
-1764 -1317 78 195 box1253 0 0 0
-1871 -1580 197 76 box1254 0 0 0
-1430 -1269 165 242 box1255 0 0 0
-1393 -1642 175 143 box1256 0 0 0
-1574 -1754 176 206 box1257 0 0 0
-1623 -1386 62 185 box1258 0 0 0
-1535 -1968 207 137 box1259 0 0 0
-1892 -1482 144 143 box1260 0 0 0
-1062 -1101 149 192 box1261 0 0 0
-1037 -1473 69 208 box1262 0 0 0
-1438 -1340 193 75 box1263 0 0 0
-1758 -1689 120 109 box1264 0 0 0
-1764 -1424 214 174 box1265 0 0 0
-1413 -1125 185 243 box1266 0 0 0
-1051 -1318 189 143 box1267 0 0 0
-1259 -1378 189 148 box1268 0 0 0
-1439 -1202 183 167 box1269 0 0 0
-1207 -1541 230 156 box1270 0 0 0
-1098 -1018 89 104 box1271 0 0 0
-1672 -1283 148 229 box1272 0 0 0
-1361 -1073 158 126 box1273 0 0 0
-1148 -1244 201 168 box1274 0 0 0
-1346 -1015 113 175 box1275 0 0 0
-1603 -1979 186 167 box1276 0 0 0
-1847 -1110 206 159 box1277 0 0 0
-1142 -1167 95 213 box1278 0 0 0
-1246 -1562 82 180 box1279 0 0 0
-1953 -1266 151 179 box1280 0 0 0
-1483 -1689 210 62 box1281 0 0 0
-1246 -1915 230 152 box1282 0 0 0
-1315 -1184 72 137 box1283 0 0 0
-1560 -1339 232 83 box1284 0 0 0
-1040 -1373 156 121 box1285 0 0 0
-1511 -1311 75 95 box1286 0 0 0
-1310 -1698 105 250 box1287 0 0 0
-1113 -1905 218 55 box1288 0 0 0
-1053 -1583 234 91 box1289 0 0 0
-1155 -1469 171 226 box1290 0 0 0
-1927 -1478 230 51 box1291 0 0 0
-1527 -1938 203 209 box1292 0 0 0
-1847 -1538 60 140 box1293 0 0 0
-1947 -1946 174 138 box1294 0 0 0
-1323 -1741 184 203 box1295 0 0 0
-1375 -1155 224 172 box1296 0 0 0
-1063 -1331 204 55 box1297 0 0 0
-1697 -1666 140 235 box1298 0 0 0
-1213 -1078 65 60 box1299 0 0 0
-1542 -1150 174 60 box1300 0 0 0
-1159 -1472 231 203 box1301 0 0 0
-1787 -1613 198 91 box1302 0 0 0
-1853 -1004 228 241 box1303 0 0 0
-1125 -1607 242 61 box1304 0 0 0
-1310 -1832 188 106 box1305 0 0 0
-1926 -1424 224 243 box1306 0 0 0
-1809 -1225 139 212 box1307 0 0 0
-1611 -1308 215 188 box1308 0 0 0
-1735 -1309 86 222 box1309 0 0 0
-1536 -1608 129 133 box1310 0 0 0
-1538 -1389 55 72 box1311 0 0 0
-1986 -1007 140 72 box1312 0 0 0
-1188 -1982 151 114 box1313 0 0 0
-1597 -1087 113 121 box1314 0 0 0
-1622 -1421 108 96 box1315 0 0 0
-1175 -1108 196 141 box1316 0 0 0
-1077 -1240 124 233 box1317 0 0 0
-1406 -1061 161 245 box1318 0 0 0
-1616 -1532 170 140 box1319 0 0 0
-1218 -1534 172 181 box1320 0 0 0
-1897 -1736 134 73 box1321 0 0 0
-1637 -1899 93 183 box1322 0 0 0
-1424 -1494 128 200 box1323 0 0 0
-1643 -1939 160 113 box1324 0 0 0
-1080 -1984 154 181 box1325 0 0 0
-1570 -1059 67 247 box1326 0 0 0
-1332 -1655 165 201 box1327 0 0 0
-1110 -1785 202 171 box1328 0 0 0
-1702 -1578 90 93 box1329 0 0 0
-1940 -1522 239 138 box1330 0 0 0
-1526 -1533 235 146 box1331 0 0 0
-1592 -1347 171 90 box1332 0 0 0
-1649 -1053 60 140 box1333 0 0 0
-1640 -1113 233 155 box1334 0 0 0
-1327 -1243 134 122 box1335 0 0 0
-1799 -1258 67 52 box1336 0 0 0
-1471 -1314 61 204 box1337 0 0 0
-1835 -1787 225 130 box1338 0 0 0
-1571 -1155 176 58 box1339 0 0 0
-1569 -1043 66 93 box1340 0 0 0
-1817 -1755 238 98 box1341 0 0 0
-1398 -1366 219 224 box1342 0 0 0
-1780 -1579 66 105 box1343 0 0 0
-1709 -1139 215 52 box1344 0 0 0
-1344 -1749 178 152 box1345 0 0 0
-1823 -1414 114 107 box1346 0 0 0
-1273 -1304 179 199 box1347 0 0 0
-1025 -1162 86 163 box1348 0 0 0
-1627 -1186 164 167 box1349 0 0 0
-1860 -1651 183 119 box1350 0 0 0
-1672 -1468 237 55 box1351 0 0 0
-1643 -1984 77 214 box1352 0 0 0
-1062 -1747 67 203 box1353 0 0 0
-1902 -1819 161 52 box1354 0 0 0
-1680 -1447 174 134 box1355 0 0 0
-1175 -1470 58 148 box1356 0 0 0
-1515 -1710 212 157 box1357 0 0 0
-1946 -1432 88 124 box1358 0 0 0
-1321 -1513 225 207 box1359 0 0 0
-1636 -1297 81 202 box1360 0 0 0
-1697 -1699 58 141 box1361 0 0 0
-1976 -1576 218 152 box1362 0 0 0
-1111 -1318 179 152 box1363 0 0 0
-1609 -1688 214 120 box1364 0 0 0
-1396 -1748 54 233 box1365 0 0 0
-1072 -1128 80 139 box1366 0 0 0
-1378 -1639 90 107 box1367 0 0 0
-1629 -1486 51 100 box1368 0 0 0
-1595 -1053 157 73 box1369 0 0 0
-1649 -1154 138 225 box1370 0 0 0
-1019 -1975 107 63 box1371 0 0 0
-1147 -1167 171 182 box1372 0 0 0
-1845 -1512 54 239 box1373 0 0 0
-1298 -1057 95 92 box1374 0 0 0
-1296 -1767 195 224 box1375 0 0 0
-1323 -1380 209 213 box1376 0 0 0
-1970 -1791 77 216 box1377 0 0 0
-1230 -1451 153 100 box1378 0 0 0
-1125 -1734 170 194 box1379 0 0 0
-1047 -1218 141 233 box1380 0 0 0
-1444 -1011 58 170 box1381 0 0 0
-1914 -1430 84 112 box1382 0 0 0
-1865 -1879 198 148 box1383 0 0 0
-1797 -1971 156 53 box1384 0 0 0
-1569 -1150 219 120 box1385 0 0 0
-1725 -1788 100 231 box1386 0 0 0
-1019 -1239 61 192 box1387 0 0 0
-1534 -1249 129 213 box1388 0 0 0
-1375 -1515 227 125 box1389 0 0 0
-1380 -1147 162 172 box1390 0 0 0
-1411 -1219 244 178 box1391 0 0 0
-1624 -1409 97 166 box1392 0 0 0
-1006 -1227 83 241 box1393 0 0 0
-1315 -1647 210 78 box1394 0 0 0
-1562 -1868 186 226 box1395 0 0 0
-1738 -1889 136 60 box1396 0 0 0
-1890 -1087 202 117 box1397 0 0 0
-1124 -1009 62 243 box1398 0 0 0
-1862 -1356 176 139 box1399 0 0 0
-1288 -1744 237 103 box1400 0 0 0
-1908 -1586 60 154 box1401 0 0 0
-1675 -1878 97 133 box1402 0 0 0
-1479 -1583 221 167 box1403 0 0 0
-1019 -1664 165 147 box1404 0 0 0
-1307 -1116 112 87 box1405 0 0 0
-1276 -1503 100 123 box1406 0 0 0
-1475 -1385 127 177 box1407 0 0 0
-1235 -1978 156 51 box1408 0 0 0
-1286 -1110 234 161 box1409 0 0 0
-1858 -1078 178 100 box1410 0 0 0
-1034 -1878 161 233 box1411 0 0 0
-1914 -1995 191 59 box1412 0 0 0
-1487 -1250 199 96 box1413 0 0 0
-1607 -1750 190 229 box1414 0 0 0
-1051 -1195 131 155 box1415 0 0 0
-1615 -1745 248 197 box1416 0 0 0
-1640 -1746 173 78 box1417 0 0 0
-1411 -1685 57 108 box1418 0 0 0
-1563 -1773 72 130 box1419 0 0 0
-1655 -1994 205 202 box1420 0 0 0
-1680 -1669 181 118 box1421 0 0 0
-1912 -1558 229 191 box1422 0 0 0
-1458 -1675 110 51 box1423 0 0 0
-1012 -1841 89 154 box1424 0 0 0
-1386 -1435 160 240 box1425 0 0 0
-1057 -1087 144 103 box1426 0 0 0
-1261 -1082 133 110 box1427 0 0 0
-1443 -1935 177 199 box1428 0 0 0
-1618 -1609 77 248 box1429 0 0 0
-1365 -1370 125 62 box1430 0 0 0
-1899 -1564 76 163 box1431 0 0 0
-1184 -1015 51 159 box1432 0 0 0
-1425 -1179 158 97 box1433 0 0 0
-1216 -1837 232 238 box1434 0 0 0
-1336 -1148 199 123 box1435 0 0 0
-1122 -1720 78 87 box1436 0 0 0
-1428 -1836 201 94 box1437 0 0 0
-1372 -1318 166 119 box1438 0 0 0
-1170 -1601 146 110 box1439 0 0 0
-1384 -1385 95 63 box1440 0 0 0
-1784 -1773 226 231 box1441 0 0 0
-1010 -1117 114 105 box1442 0 0 0
-1857 -1638 238 51 box1443 0 0 0
-1296 -1474 72 135 box1444 0 0 0
-1773 -1172 160 192 box1445 0 0 0
-1774 -1960 237 54 box1446 0 0 0
-1086 -1320 124 233 box1447 0 0 0
-1771 -1494 191 133 box1448 0 0 0
-1028 -1803 114 124 box1449 0 0 0
-1001 -1330 164 91 box1450 0 0 0
-1698 -1214 88 91 box1451 0 0 0
-1475 -1688 119 217 box1452 0 0 0
-1386 -1971 52 193 box1453 0 0 0
-1111 -1748 227 167 box1454 0 0 0
-1318 -1046 103 180 box1455 0 0 0
-1207 -1573 84 62 box1456 0 0 0
-1058 -1120 68 190 box1457 0 0 0
-1713 -1511 163 228 box1458 0 0 0
-1803 -1864 108 151 box1459 0 0 0
-1870 -1277 166 233 box1460 0 0 0
-1070 -1581 70 68 box1461 0 0 0
-1100 -1032 200 196 box1462 0 0 0
-1609 -1898 81 127 box1463 0 0 0
-1519 -1753 129 158 box1464 0 0 0
-1108 -1634 238 152 box1465 0 0 0
-1577 -1588 84 147 box1466 0 0 0
-1447 -1839 125 72 box1467 0 0 0
-1129 -1849 151 101 box1468 0 0 0
-1961 -1470 105 99 box1469 0 0 0
-1420 -1854 222 84 box1470 0 0 0
-1240 -1052 139 173 box1471 0 0 0
-1441 -1321 60 145 box1472 0 0 0
-1952 -1047 246 70 box1473 0 0 0
-1995 -1183 93 105 box1474 0 0 0
-1713 -1181 83 205 box1475 0 0 0
-1132 -1375 222 159 box1476 0 0 0
-1262 -1842 133 99 box1477 0 0 0
-1453 -1412 167 191 box1478 0 0 0
-1356 -1155 59 120 box1479 0 0 0
-1938 -1465 216 172 box1480 0 0 0
-1694 -1856 225 100 box1481 0 0 0
-1328 -1341 146 176 box1482 0 0 0
-1014 -1731 199 218 box1483 0 0 0
-1401 -1049 106 153 box1484 0 0 0
-1248 -1690 234 197 box1485 0 0 0
-1753 -1069 81 111 box1486 0 0 0
-1377 -1235 113 110 box1487 0 0 0
-1411 -1591 123 197 box1488 0 0 0
-1777 -1817 195 130 box1489 0 0 0
-1850 -1740 198 52 box1490 0 0 0
-1570 -1380 193 101 box1491 0 0 0
-1953 -1165 135 67 box1492 0 0 0
-1734 -1066 168 224 box1493 0 0 0
-1103 -1348 212 242 box1494 0 0 0
-1586 -1791 71 179 box1495 0 0 0
-1700 -1204 110 203 box1496 0 0 0
-1709 -1485 76 163 box1497 0 0 0
-1799 -1748 191 54 box1498 0 0 0
-1933 -1289 90 169 box1499 0 0 0
-1711 -1239 215 82 box1500 0 0 0
-1393 -1555 206 157 box1501 0 0 0
-1931 -1195 210 202 box1502 0 0 0
-1805 -1905 189 105 box1503 0 0 0
-1077 -1769 80 196 box1504 0 0 0
-1276 -1734 71 125 box1505 0 0 0
-1112 -1627 60 100 box1506 0 0 0
-1724 -1410 182 239 box1507 0 0 0
-1830 -1681 71 220 box1508 0 0 0
-1972 -1263 101 69 box1509 0 0 0
-1422 -1192 105 238 box1510 0 0 0
-1453 -1397 226 174 box1511 0 0 0
-1050 -1378 159 200 box1512 0 0 0
-1654 -1439 88 52 box1513 0 0 0
-1903 -1803 150 153 box1514 0 0 0
-1634 -1488 80 66 box1515 0 0 0
-1372 -1531 205 107 box1516 0 0 0
-1491 -1625 102 167 box1517 0 0 0
-1407 -1136 128 210 box1518 0 0 0
-1227 -1410 224 185 box1519 0 0 0
-1031 -1346 238 245 box1520 0 0 0
-1029 -1796 122 109 box1521 0 0 0
-1510 -1655 181 175 box1522 0 0 0
-1156 -1797 81 108 box1523 0 0 0
-1366 -1053 119 186 box1524 0 0 0
-1097 -1072 154 170 box1525 0 0 0
-1680 -1931 109 192 box1526 0 0 0
-1950 -1408 131 66 box1527 0 0 0
-1664 -1824 223 187 box1528 0 0 0
-1452 -1265 62 175 box1529 0 0 0
-1449 -1665 71 149 box1530 0 0 0
-1650 -1933 168 153 box1531 0 0 0
-1805 -1139 104 134 box1532 0 0 0
-1214 -1358 87 107 box1533 0 0 0
-1738 -1694 56 80 box1534 0 0 0
-1719 -1060 177 61 box1535 0 0 0
-1232 -1446 199 114 box1536 0 0 0
-1512 -1102 95 245 box1537 0 0 0
-1405 -1534 144 93 box1538 0 0 0
-1746 -1491 224 100 box1539 0 0 0
-1325 -1844 54 227 box1540 0 0 0
-1862 -1501 246 147 box1541 0 0 0
-1514 -1916 190 193 box1542 0 0 0
-1496 -1418 98 131 box1543 0 0 0
-1784 -1951 50 116 box1544 0 0 0
-1132 -1352 95 237 box1545 0 0 0
-1559 -1330 102 224 box1546 0 0 0
-1411 -1125 225 175 box1547 0 0 0
-1059 -1647 249 175 box1548 0 0 0
-1866 -1312 246 161 box1549 0 0 0
-1377 -1772 110 63 box1550 0 0 0
-1252 -1737 113 156 box1551 0 0 0
-1005 -1559 63 103 box1552 0 0 0
-1304 -1120 237 184 box1553 0 0 0
-1262 -1075 247 184 box1554 0 0 0
-1946 -1017 246 109 box1555 0 0 0
-1046 -1923 157 96 box1556 0 0 0
-1650 -1661 209 141 box1557 0 0 0
-1664 -1867 218 243 box1558 0 0 0
-1821 -1124 142 135 box1559 0 0 0
-1819 -1594 104 214 box1560 0 0 0
-1089 -1511 182 238 box1561 0 0 0
-1305 -1691 74 243 box1562 0 0 0
-1718 -1672 246 173 box1563 0 0 0
-1820 -1002 59 140 box1564 0 0 0
-1648 -1680 140 205 box1565 0 0 0
-1882 -1435 103 108 box1566 0 0 0
-1370 -1952 193 188 box1567 0 0 0
-1312 -1071 240 194 box1568 0 0 0
-1618 -1951 91 78 box1569 0 0 0
-1178 -1991 79 74 box1570 0 0 0
-1635 -1327 88 136 box1571 0 0 0
-1291 -1849 207 66 box1572 0 0 0
-1685 -1560 156 177 box1573 0 0 0
-1504 -1403 155 247 box1574 0 0 0
-1342 -1385 171 144 box1575 0 0 0
-1543 -1165 129 221 box1576 0 0 0
-1618 -1129 221 90 box1577 0 0 0
-1337 -1744 139 183 box1578 0 0 0
-1469 -1809 116 95 box1579 0 0 0
-1135 -1584 65 52 box1580 0 0 0
-1863 -1285 247 221 box1581 0 0 0
-1705 -1855 153 68 box1582 0 0 0
-1044 -1117 72 171 box1583 0 0 0
-1006 -1210 233 73 box1584 0 0 0
-1827 -1796 118 188 box1585 0 0 0
-1146 -1619 132 86 box1586 0 0 0
-1531 -1208 178 61 box1587 0 0 0
-1665 -1757 82 91 box1588 0 0 0
-1615 -1103 116 191 box1589 0 0 0
-1567 -1508 73 201 box1590 0 0 0
-1055 -1634 196 128 box1591 0 0 0
-1366 -1234 191 172 box1592 0 0 0
-1847 -1755 216 196 box1593 0 0 0
-1936 -1912 129 117 box1594 0 0 0
-1729 -1407 216 177 box1595 0 0 0
-1426 -1076 102 214 box1596 0 0 0
-1446 -1055 144 89 box1597 0 0 0
-1402 -1299 81 89 box1598 0 0 0
-1083 -1481 118 226 box1599 0 0 0
-1518 -1628 242 133 box1600 0 0 0
-1613 -1549 53 66 box1601 0 0 0
-1735 -1877 198 244 box1602 0 0 0
-1512 -1083 56 90 box1603 0 0 0
-1665 -1413 165 244 box1604 0 0 0
-1193 -1504 214 215 box1605 0 0 0
-1961 -1534 138 200 box1606 0 0 0
-1113 -1465 126 159 box1607 0 0 0
-1532 -1475 229 205 box1608 0 0 0
-1599 -1040 59 64 box1609 0 0 0
-1277 -1926 192 229 box1610 0 0 0
-1663 -1705 232 169 box1611 0 0 0
-1272 -1327 96 236 box1612 0 0 0
-1969 -1814 97 194 box1613 0 0 0
-1693 -1205 197 221 box1614 0 0 0
-1725 -1454 185 167 box1615 0 0 0
-1440 -1285 181 56 box1616 0 0 0
-1084 -1885 152 175 box1617 0 0 0
-1202 -1104 170 68 box1618 0 0 0
-1296 -1270 161 108 box1619 0 0 0
-1896 -1746 129 71 box1620 0 0 0
-1010 -1668 63 171 box1621 0 0 0
-1957 -1203 213 50 box1622 0 0 0
-1775 -1841 172 199 box1623 0 0 0
-1713 -1461 110 159 box1624 0 0 0
-1740 -1533 152 98 box1625 0 0 0
-1644 -1678 174 182 box1626 0 0 0
-1068 -1307 152 110 box1627 0 0 0
-1827 -1550 78 239 box1628 0 0 0
-1099 -1017 79 211 box1629 0 0 0
-1869 -1108 123 212 box1630 0 0 0
-1511 -1549 236 124 box1631 0 0 0
-1995 -1569 244 226 box1632 0 0 0
-1719 -1432 159 63 box1633 0 0 0
-1380 -1012 241 194 box1634 0 0 0
-1498 -1928 223 109 box1635 0 0 0
-1854 -1520 160 247 box1636 0 0 0
-1348 -1603 197 93 box1637 0 0 0
-1926 -1131 66 248 box1638 0 0 0
-1929 -1825 242 120 box1639 0 0 0
-1156 -1865 184 173 box1640 0 0 0
-1564 -1620 187 205 box1641 0 0 0
-1684 -1431 202 156 box1642 0 0 0
-1377 -1716 62 150 box1643 0 0 0
-1406 -1594 174 226 box1644 0 0 0
-1408 -1962 171 122 box1645 0 0 0
-1383 -1176 175 117 box1646 0 0 0
-1149 -1913 134 106 box1647 0 0 0
-1509 -1235 140 138 box1648 0 0 0
-1095 -1659 128 187 box1649 0 0 0
-2000 -1414 94 136 box1650 0 0 0
-1835 -1107 77 195 box1651 0 0 0
-1409 -1135 131 129 box1652 0 0 0
-1060 -1420 240 120 box1653 0 0 0
-1138 -1039 167 199 box1654 0 0 0
-1098 -1645 151 92 box1655 0 0 0
-1533 -1258 106 80 box1656 0 0 0
-1465 -1378 167 192 box1657 0 0 0
-1207 -1341 133 225 box1658 0 0 0
-1858 -1537 145 127 box1659 0 0 0
-1429 -1672 215 118 box1660 0 0 0
-1095 -1101 136 214 box1661 0 0 0
-1056 -1211 163 84 box1662 0 0 0
-1243 -1323 233 229 box1663 0 0 0
-1943 -1142 74 175 box1664 0 0 0
-1425 -1399 197 109 box1665 0 0 0
-1155 -1015 133 125 box1666 0 0 0
-1184 -1497 57 149 box1667 0 0 0
-1796 -1888 224 179 box1668 0 0 0
-1902 -1391 101 73 box1669 0 0 0
-1968 -1810 79 193 box1670 0 0 0
-1645 -1366 210 179 box1671 0 0 0
-1354 -1316 227 220 box1672 0 0 0
-1001 -1932 193 159 box1673 0 0 0
-1862 -1404 100 166 box1674 0 0 0
-1941 -1273 88 180 box1675 0 0 0
-1211 -1366 132 118 box1676 0 0 0
-1936 -1734 59 63 box1677 0 0 0
-1343 -1381 218 157 box1678 0 0 0
-1704 -1927 201 121 box1679 0 0 0
-1621 -1045 146 226 box1680 0 0 0
-1818 -1652 222 76 box1681 0 0 0
-1578 -1632 243 85 box1682 0 0 0
-1530 -1150 210 64 box1683 0 0 0
-1880 -1910 117 162 box1684 0 0 0
-1990 -1629 220 83 box1685 0 0 0
-1152 -1632 72 232 box1686 0 0 0
-1620 -1951 228 152 box1687 0 0 0
-1763 -1344 207 224 box1688 0 0 0
-1304 -1827 56 120 box1689 0 0 0
-1458 -1250 150 250 box1690 0 0 0
-1689 -1264 78 163 box1691 0 0 0
-1171 -1158 151 146 box1692 0 0 0
-1658 -1578 99 153 box1693 0 0 0
-1800 -1960 143 95 box1694 0 0 0
-1135 -1972 196 93 box1695 0 0 0
-1769 -1066 168 69 box1696 0 0 0
-1220 -1986 151 54 box1697 0 0 0
-1363 -1706 214 238 box1698 0 0 0
-1957 -1488 59 144 box1699 0 0 0
-1161 -1970 197 135 box1700 0 0 0
-1341 -1404 107 190 box1701 0 0 0
-1597 -1390 110 226 box1702 0 0 0
-1119 -1992 113 82 box1703 0 0 0
-1799 -1283 192 237 box1704 0 0 0
-1400 -1716 56 174 box1705 0 0 0
-1115 -1403 219 250 box1706 0 0 0
-1738 -1750 201 211 box1707 0 0 0
-1359 -1364 205 210 box1708 0 0 0
-1037 -1193 141 59 box1709 0 0 0
-1615 -1643 60 137 box1710 0 0 0
-1980 -1868 73 164 box1711 0 0 0
-1713 -1697 236 207 box1712 0 0 0
-1742 -1397 228 90 box1713 0 0 0
-1241 -1845 146 107 box1714 0 0 0
-1975 -1300 246 74 box1715 0 0 0
-1242 -1258 131 65 box1716 0 0 0
-1549 -1828 193 119 box1717 0 0 0
-1304 -1067 65 161 box1718 0 0 0
-1459 -1187 77 131 box1719 0 0 0
-1339 -1438 248 92 box1720 0 0 0
-1215 -1411 199 133 box1721 0 0 0
-1173 -1492 154 244 box1722 0 0 0
-1681 -1127 240 172 box1723 0 0 0
-1724 -1729 122 221 box1724 0 0 0
-1275 -1509 149 63 box1725 0 0 0
-1609 -1704 190 239 box1726 0 0 0
-1575 -1129 200 58 box1727 0 0 0
-1412 -1795 163 218 box1728 0 0 0
-1594 -1724 204 147 box1729 0 0 0
-1309 -1964 223 119 box1730 0 0 0
-1671 -1273 107 50 box1731 0 0 0
-1624 -1278 107 217 box1732 0 0 0
-1893 -1174 196 98 box1733 0 0 0
-1912 -1753 93 142 box1734 0 0 0
-1736 -1132 230 168 box1735 0 0 0
-1160 -1748 118 123 box1736 0 0 0
-1248 -1300 170 97 box1737 0 0 0
-1751 -1042 98 208 box1738 0 0 0
-1889 -1842 77 185 box1739 0 0 0
-1787 -1569 231 196 box1740 0 0 0
-1940 -1347 208 153 box1741 0 0 0
-1501 -1575 242 53 box1742 0 0 0
-1362 -1167 236 187 box1743 0 0 0
-1457 -1380 245 187 box1744 0 0 0
-1620 -1431 122 72 box1745 0 0 0
-1031 -1669 137 204 box1746 0 0 0
-1290 -1461 72 162 box1747 0 0 0
-1171 -1427 202 142 box1748 0 0 0
-1493 -1818 146 64 box1749 0 0 0
-1897 -1695 72 171 box1750 0 0 0
-1472 -1259 185 165 box1751 0 0 0
-1405 -1256 61 175 box1752 0 0 0
-1689 -1933 176 75 box1753 0 0 0
-1657 -1682 88 214 box1754 0 0 0
-1691 -1291 106 94 box1755 0 0 0
-1495 -1101 155 241 box1756 0 0 0
-1701 -1901 75 200 box1757 0 0 0
-1583 -1795 235 122 box1758 0 0 0
-1416 -1229 141 73 box1759 0 0 0
-1544 -1575 88 103 box1760 0 0 0
-1032 -1885 138 228 box1761 0 0 0
-1034 -1875 86 180 box1762 0 0 0
-1448 -1284 81 210 box1763 0 0 0
-1120 -1001 198 108 box1764 0 0 0
-1573 -1502 155 242 box1765 0 0 0
-1424 -1983 167 143 box1766 0 0 0
-1822 -1426 56 192 box1767 0 0 0
-1113 -1430 236 184 box1768 0 0 0
-1299 -1692 112 175 box1769 0 0 0
-1806 -1672 65 237 box1770 0 0 0
-1987 -1451 205 250 box1771 0 0 0
-1902 -1171 233 173 box1772 0 0 0
-1393 -1258 233 191 box1773 0 0 0
-1043 -1530 91 102 box1774 0 0 0
-1443 -1727 173 133 box1775 0 0 0
-1527 -1606 200 52 box1776 0 0 0
-1676 -1552 93 71 box1777 0 0 0
-1517 -1924 155 169 box1778 0 0 0
-1596 -1799 168 80 box1779 0 0 0
-1602 -1136 168 85 box1780 0 0 0
-1781 -1867 58 168 box1781 0 0 0
-1235 -1601 240 63 box1782 0 0 0
-1044 -1331 241 212 box1783 0 0 0
-1162 -1047 87 180 box1784 0 0 0
-1476 -1394 176 197 box1785 0 0 0
-1212 -1906 72 154 box1786 0 0 0
-1840 -1925 166 88 box1787 0 0 0
-1688 -1259 94 104 box1788 0 0 0
-1423 -1818 58 207 box1789 0 0 0
-1232 -1318 224 136 box1790 0 0 0
-1517 -1173 97 83 box1791 0 0 0
-1100 -1861 183 230 box1792 0 0 0
-1025 -1267 141 151 box1793 0 0 0
-1106 -1525 141 200 box1794 0 0 0
-1880 -1424 71 171 box1795 0 0 0
-1323 -1860 94 123 box1796 0 0 0
-1340 -1657 171 70 box1797 0 0 0
-1703 -1167 55 229 box1798 0 0 0
-1028 -1304 61 98 box1799 0 0 0
-1593 -1047 176 105 box1800 0 0 0
-1512 -1689 68 52 box1801 0 0 0
-1321 -1644 57 137 box1802 0 0 0
-1416 -1214 67 152 box1803 0 0 0
-1640 -1683 56 241 box1804 0 0 0
-1623 -1932 213 231 box1805 0 0 0
-1810 -1592 145 79 box1806 0 0 0
-1078 -1980 169 143 box1807 0 0 0
-1858 -1565 142 114 box1808 0 0 0
-1662 -1028 127 134 box1809 0 0 0
-1738 -1491 132 200 box1810 0 0 0
-1750 -1479 225 175 box1811 0 0 0
-1679 -1102 59 188 box1812 0 0 0
-1901 -1511 115 79 box1813 0 0 0
-1360 -1402 92 236 box1814 0 0 0
-1767 -1042 129 219 box1815 0 0 0
-1283 -1265 153 195 box1816 0 0 0
-1803 -1125 180 142 box1817 0 0 0
-1411 -1514 54 57 box1818 0 0 0
-1248 -1192 102 92 box1819 0 0 0
-1708 -1921 165 100 box1820 0 0 0
-1666 -1528 83 134 box1821 0 0 0
-1862 -1625 78 75 box1822 0 0 0
-1732 -1129 151 238 box1823 0 0 0
-1491 -1370 80 96 box1824 0 0 0
-1061 -1406 197 162 box1825 0 0 0
-1302 -1530 122 192 box1826 0 0 0
-1086 -1858 158 80 box1827 0 0 0
-1905 -1364 239 145 box1828 0 0 0
-1214 -1173 219 225 box1829 0 0 0
-1051 -1922 106 187 box1830 0 0 0
-1681 -1404 147 234 box1831 0 0 0
-1273 -1848 179 187 box1832 0 0 0
-1640 -1826 219 178 box1833 0 0 0
-1131 -1043 209 95 box1834 0 0 0
-1769 -1565 152 245 box1835 0 0 0
-1676 -1556 135 93 box1836 0 0 0
-1383 -1431 126 104 box1837 0 0 0
-1842 -1113 141 181 box1838 0 0 0
-1919 -1297 106 175 box1839 0 0 0
-1858 -1503 103 58 box1840 0 0 0
-1068 -1397 204 103 box1841 0 0 0
-1999 -1455 201 97 box1842 0 0 0
-1871 -1141 115 189 box1843 0 0 0
-1602 -1044 113 155 box1844 0 0 0
-1871 -1549 105 243 box1845 0 0 0
-1311 -1447 164 81 box1846 0 0 0
-1026 -1823 127 124 box1847 0 0 0
-1440 -1629 99 120 box1848 0 0 0
-1420 -1868 179 161 box1849 0 0 0
-1763 -1594 164 128 box1850 0 0 0
-1774 -1733 201 51 box1851 0 0 0
-1228 -1804 204 137 box1852 0 0 0
-1182 -1567 130 227 box1853 0 0 0
-1040 -1330 146 143 box1854 0 0 0
-1448 -1998 190 77 box1855 0 0 0
-1652 -1351 215 195 box1856 0 0 0
-1630 -1837 89 105 box1857 0 0 0
-1189 -1976 163 141 box1858 0 0 0
-1454 -1753 231 89 box1859 0 0 0
-1537 -1704 56 78 box1860 0 0 0
-1152 -1851 94 160 box1861 0 0 0
-1777 -1331 242 223 box1862 0 0 0
-1430 -1893 181 150 box1863 0 0 0
-1825 -1018 78 128 box1864 0 0 0
-1436 -1637 158 197 box1865 0 0 0
-1747 -1220 56 122 box1866 0 0 0
-1429 -1669 135 64 box1867 0 0 0
-1681 -1511 102 233 box1868 0 0 0
-1896 -1026 160 69 box1869 0 0 0
-1177 -1444 210 208 box1870 0 0 0
-1290 -1376 68 166 box1871 0 0 0
-1464 -1140 119 186 box1872 0 0 0
-1118 -1191 108 231 box1873 0 0 0
-1604 -1904 100 52 box1874 0 0 0
-1817 -1481 137 74 box1875 0 0 0
-1045 -1211 159 74 box1876 0 0 0
-1915 -1249 206 104 box1877 0 0 0
-1924 -1558 200 203 box1878 0 0 0
-1414 -1576 121 78 box1879 0 0 0
-1305 -1855 159 249 box1880 0 0 0
-1819 -1683 151 97 box1881 0 0 0
-1365 -1023 134 153 box1882 0 0 0
-1535 -1979 145 120 box1883 0 0 0
-1452 -1892 50 98 box1884 0 0 0
-1460 -1735 194 129 box1885 0 0 0
-1073 -1255 151 128 box1886 0 0 0
-1521 -1946 100 154 box1887 0 0 0
-1254 -1257 220 225 box1888 0 0 0
-1217 -1827 206 226 box1889 0 0 0
-1073 -1948 199 52 box1890 0 0 0
-1574 -1747 165 137 box1891 0 0 0
-1893 -1597 191 215 box1892 0 0 0
-1645 -1223 171 114 box1893 0 0 0
-1653 -1747 201 127 box1894 0 0 0
-1869 -1201 60 185 box1895 0 0 0
-1921 -1810 103 226 box1896 0 0 0
-1860 -1657 61 165 box1897 0 0 0
-1001 -1527 132 198 box1898 0 0 0
-1991 -1163 111 164 box1899 0 0 0
-1592 -1530 187 149 box1900 0 0 0
-1915 -1251 97 173 box1901 0 0 0
-1653 -1934 86 156 box1902 0 0 0
-1579 -1853 146 68 box1903 0 0 0
-1349 -1193 222 194 box1904 0 0 0
-1300 -1210 226 160 box1905 0 0 0
-1594 -1450 158 66 box1906 0 0 0
-1442 -1870 163 174 box1907 0 0 0
-1945 -1790 236 249 box1908 0 0 0
-1257 -1413 211 118 box1909 0 0 0
-1971 -1616 121 191 box1910 0 0 0
-1050 -1467 201 230 box1911 0 0 0
-1551 -1191 165 83 box1912 0 0 0
-1956 -1107 82 198 box1913 0 0 0
-1731 -1360 99 139 box1914 0 0 0
-1124 -1830 218 244 box1915 0 0 0
-1785 -1903 135 91 box1916 0 0 0
-1725 -1034 250 86 box1917 0 0 0
-1736 -1015 231 234 box1918 0 0 0
-1541 -1876 162 217 box1919 0 0 0
-1973 -1807 129 79 box1920 0 0 0
-1313 -1441 125 178 box1921 0 0 0
-1996 -1326 166 119 box1922 0 0 0
-1301 -1271 55 175 box1923 0 0 0
-1909 -1291 69 53 box1924 0 0 0
-1709 -1561 245 143 box1925 0 0 0
-1249 -1518 122 100 box1926 0 0 0
-1115 -1703 58 89 box1927 0 0 0
-1499 -1939 98 169 box1928 0 0 0
-1664 -1420 119 115 box1929 0 0 0
-1936 -1048 172 135 box1930 0 0 0
-1838 -1215 157 90 box1931 0 0 0
-1081 -1330 228 139 box1932 0 0 0
-1930 -1907 120 57 box1933 0 0 0
-1777 -1670 104 217 box1934 0 0 0
-1377 -1896 218 225 box1935 0 0 0
-1450 -1117 246 175 box1936 0 0 0
-1366 -1988 141 140 box1937 0 0 0
-1272 -1917 115 136 box1938 0 0 0
-1134 -1741 85 235 box1939 0 0 0
-1444 -1028 177 178 box1940 0 0 0
-1650 -1308 95 124 box1941 0 0 0
-1758 -1440 74 248 box1942 0 0 0
-1056 -1400 247 126 box1943 0 0 0
-1114 -1092 153 118 box1944 0 0 0
-1115 -1409 159 111 box1945 0 0 0
-1162 -1484 193 75 box1946 0 0 0
-1928 -1190 106 161 box1947 0 0 0
-1900 -1291 89 207 box1948 0 0 0
-1464 -1531 82 153 box1949 0 0 0
-1597 -1697 121 53 box1950 0 0 0
-1160 -1691 61 211 box1951 0 0 0
-1743 -1247 177 62 box1952 0 0 0
-1406 -1950 232 203 box1953 0 0 0
-1258 -1933 195 135 box1954 0 0 0
-1023 -1964 183 149 box1955 0 0 0
-1522 -1505 133 88 box1956 0 0 0
-1302 -1398 90 86 box1957 0 0 0
-1870 -1998 135 135 box1958 0 0 0
-1027 -1093 72 213 box1959 0 0 0
-1966 -1859 85 67 box1960 0 0 0
-1337 -1461 110 98 box1961 0 0 0
-1589 -1664 107 124 box1962 0 0 0
-1561 -1992 159 191 box1963 0 0 0
-1556 -1632 58 108 box1964 0 0 0
-1162 -1261 212 170 box1965 0 0 0
-1385 -1266 199 196 box1966 0 0 0
-1068 -1671 167 192 box1967 0 0 0
-1175 -1423 231 230 box1968 0 0 0
-1542 -1795 240 218 box1969 0 0 0
-1681 -1184 104 50 box1970 0 0 0
-1218 -1996 187 205 box1971 0 0 0
-1745 -1382 217 155 box1972 0 0 0
-1317 -1736 249 166 box1973 0 0 0
-1590 -1647 181 167 box1974 0 0 0
-1288 -1276 143 113 box1975 0 0 0
-1668 -1542 156 51 box1976 0 0 0
-1255 -1124 164 82 box1977 0 0 0
-1496 -1216 155 160 box1978 0 0 0
-1536 -1490 94 228 box1979 0 0 0
-1734 -1568 153 147 box1980 0 0 0
-1431 -1760 82 174 box1981 0 0 0
-1697 -1915 154 191 box1982 0 0 0
-1704 -1085 86 80 box1983 0 0 0
-1972 -1768 202 67 box1984 0 0 0
-1986 -1888 117 148 box1985 0 0 0
-1903 -1382 224 103 box1986 0 0 0
-1596 -1255 226 204 box1987 0 0 0
-1876 -1692 209 229 box1988 0 0 0
-1180 -1799 94 195 box1989 0 0 0
-1556 -1005 177 237 box1990 0 0 0
-1727 -1275 176 101 box1991 0 0 0
-1524 -1817 109 213 box1992 0 0 0
-1368 -1314 222 170 box1993 0 0 0
-1531 -1932 74 161 box1994 0 0 0
-1283 -1659 202 213 box1995 0 0 0
-1219 -1416 112 143 box1996 0 0 0
-1103 -1850 164 153 box1997 0 0 0
-1251 -1811 105 84 box1998 0 0 0
-1510 -1080 84 102 box1999 0 0 0
-1460 -1301 204 54 box2000 0 0 0
-1580 -1430 107 242 box2001 0 0 0
-1388 -1337 54 222 box2002 0 0 0
-1345 -1800 145 235 box2003 0 0 0
-1518 -1832 189 73 box2004 0 0 0
-1277 -1964 52 100 box2005 0 0 0
-1773 -1323 187 146 box2006 0 0 0
-1601 -1526 176 139 box2007 0 0 0
-1147 -1256 208 181 box2008 0 0 0
-1866 -1050 84 161 box2009 0 0 0
-1241 -1437 111 197 box2010 0 0 0
-1336 -1367 67 187 box2011 0 0 0
-1961 -1923 161 206 box2012 0 0 0
-1850 -1724 230 194 box2013 0 0 0
-1340 -1490 65 235 box2014 0 0 0
-1824 -1433 114 176 box2015 0 0 0
-1598 -1616 233 188 box2016 0 0 0
-1538 -1788 160 59 box2017 0 0 0
-1499 -1761 183 219 box2018 0 0 0
-1610 -1049 77 90 box2019 0 0 0
-1171 -1834 137 156 box2020 0 0 0
-1831 -1503 245 111 box2021 0 0 0
-1612 -1687 180 191 box2022 0 0 0
-1067 -1886 54 97 box2023 0 0 0
-1315 -1268 199 94 box2024 0 0 0
-1245 -1514 243 168 box2025 0 0 0
-1537 -1731 210 242 box2026 0 0 0
-1124 -1855 177 98 box2027 0 0 0
-1478 -1403 230 149 box2028 0 0 0
-1504 -1471 155 63 box2029 0 0 0
-1682 -1387 157 83 box2030 0 0 0
-1823 -1026 244 113 box2031 0 0 0
-1978 -1733 201 150 box2032 0 0 0
-1704 -1162 122 55 box2033 0 0 0
-1699 -1463 108 231 box2034 0 0 0
-1372 -1322 56 67 box2035 0 0 0
-1438 -1361 132 231 box2036 0 0 0
-1489 -1793 96 166 box2037 0 0 0
-1344 -1818 219 181 box2038 0 0 0
-1117 -1053 230 147 box2039 0 0 0
-1698 -1690 141 197 box2040 0 0 0
-1433 -1724 98 192 box2041 0 0 0
-1967 -1969 205 173 box2042 0 0 0
-1182 -1990 109 187 box2043 0 0 0
-1986 -1338 145 76 box2044 0 0 0
-1473 -1753 109 57 box2045 0 0 0
-1096 -1303 193 183 box2046 0 0 0
-1845 -1902 237 237 box2047 0 0 0
-1558 -1510 107 122 box2048 0 0 0
-1553 -1185 147 182 box2049 0 0 0
-1085 -1154 214 76 box2050 0 0 0
-1716 -1511 214 155 box2051 0 0 0
-1817 -1916 151 170 box2052 0 0 0
-1741 -1840 127 91 box2053 0 0 0
-1342 -1598 78 203 box2054 0 0 0
-1171 -1356 202 153 box2055 0 0 0
-1807 -1460 189 222 box2056 0 0 0
-1457 -1595 148 144 box2057 0 0 0
-1442 -1146 240 167 box2058 0 0 0
-1940 -1010 156 195 box2059 0 0 0
-1534 -1310 234 213 box2060 0 0 0
-1589 -1395 167 144 box2061 0 0 0
-1244 -1878 89 184 box2062 0 0 0
-1598 -1940 143 167 box2063 0 0 0
-1665 -1703 58 204 box2064 0 0 0
-1402 -1793 75 106 box2065 0 0 0
-1388 -1175 193 83 box2066 0 0 0
-1889 -1198 196 246 box2067 0 0 0
-1175 -1425 75 132 box2068 0 0 0
-1706 -1021 160 213 box2069 0 0 0
-1875 -1482 218 68 box2070 0 0 0
-1958 -1759 186 82 box2071 0 0 0
-1520 -1355 197 202 box2072 0 0 0
-1713 -1412 192 225 box2073 0 0 0
-1979 -1159 165 95 box2074 0 0 0
-1932 -1787 102 173 box2075 0 0 0
-1276 -1533 135 67 box2076 0 0 0
-1790 -1853 106 215 box2077 0 0 0
-1476 -1175 60 235 box2078 0 0 0
-1154 -1921 133 218 box2079 0 0 0
-1258 -1168 61 174 box2080 0 0 0
-1255 -1615 57 170 box2081 0 0 0
-1968 -1442 243 74 box2082 0 0 0
-1505 -1543 129 142 box2083 0 0 0
-1749 -1390 83 174 box2084 0 0 0
-1136 -1079 117 170 box2085 0 0 0
-1050 -1353 206 70 box2086 0 0 0
-1896 -1589 90 210 box2087 0 0 0
-1142 -1581 116 81 box2088 0 0 0
-1492 -1356 128 141 box2089 0 0 0
-1019 -1266 110 128 box2090 0 0 0
-1852 -1028 229 53 box2091 0 0 0
-1530 -1119 173 245 box2092 0 0 0
-1112 -1420 193 242 box2093 0 0 0
-1980 -1101 233 187 box2094 0 0 0
-1957 -1724 58 216 box2095 0 0 0
-1930 -1663 213 123 box2096 0 0 0
-1427 -1855 147 242 box2097 0 0 0
-1025 -1297 248 176 box2098 0 0 0
-1282 -1597 250 126 box2099 0 0 0
-1669 -1740 52 65 box2100 0 0 0
-1151 -1389 228 89 box2101 0 0 0
-1139 -1667 110 208 box2102 0 0 0
-1978 -1811 126 103 box2103 0 0 0
-1286 -1442 203 94 box2104 0 0 0
-1927 -1181 151 99 box2105 0 0 0
-1580 -1361 125 148 box2106 0 0 0
-1970 -1133 129 89 box2107 0 0 0
-1712 -1755 171 62 box2108 0 0 0
-1759 -1556 206 110 box2109 0 0 0
-1578 -1457 216 188 box2110 0 0 0
-1608 -1128 85 68 box2111 0 0 0
-1373 -1574 123 232 box2112 0 0 0
-1661 -1876 85 68 box2113 0 0 0
-1186 -1447 205 208 box2114 0 0 0
-1098 -1312 99 198 box2115 0 0 0
-1905 -1505 165 66 box2116 0 0 0
-1770 -1490 206 203 box2117 0 0 0
-1779 -1040 101 184 box2118 0 0 0
-1094 -1752 213 222 box2119 0 0 0
-1257 -1878 216 178 box2120 0 0 0
-1574 -1803 168 210 box2121 0 0 0
-1575 -1705 148 131 box2122 0 0 0
-1451 -1074 86 224 box2123 0 0 0
-1402 -1286 66 131 box2124 0 0 0
-1296 -1818 210 199 box2125 0 0 0
-1193 -1411 125 88 box2126 0 0 0
-1284 -1280 73 197 box2127 0 0 0
-1444 -1863 95 194 box2128 0 0 0
-1269 -1883 122 108 box2129 0 0 0
-1916 -1707 205 104 box2130 0 0 0
-1407 -1949 105 248 box2131 0 0 0
-1324 -1555 103 133 box2132 0 0 0
-1580 -1226 81 243 box2133 0 0 0
-1709 -1459 238 196 box2134 0 0 0
-1033 -1109 145 143 box2135 0 0 0
-1669 -1932 197 168 box2136 0 0 0
-1830 -1034 164 69 box2137 0 0 0
-1813 -1925 225 144 box2138 0 0 0
-1623 -1724 78 91 box2139 0 0 0
-1757 -1192 89 165 box2140 0 0 0
-1663 -1663 188 194 box2141 0 0 0
-1913 -1764 180 237 box2142 0 0 0
-1060 -1692 186 125 box2143 0 0 0
-1103 -1180 136 194 box2144 0 0 0
-1730 -1238 208 117 box2145 0 0 0
-1309 -1519 239 76 box2146 0 0 0
-1087 -1456 214 73 box2147 0 0 0
-1427 -1449 238 132 box2148 0 0 0
-1864 -1872 181 238 box2149 0 0 0
-1566 -1274 92 144 box2150 0 0 0
-1154 -1745 247 130 box2151 0 0 0
-1826 -1806 116 201 box2152 0 0 0
-1721 -1999 248 191 box2153 0 0 0
-1678 -1547 89 162 box2154 0 0 0
-1388 -1052 202 242 box2155 0 0 0
-1825 -1792 163 173 box2156 0 0 0
-1896 -1386 206 67 box2157 0 0 0
-1924 -1156 102 84 box2158 0 0 0
-1172 -1511 76 67 box2159 0 0 0
-1411 -1754 142 122 box2160 0 0 0
-1887 -1145 186 155 box2161 0 0 0
-1097 -1226 201 60 box2162 0 0 0
-1121 -1890 246 165 box2163 0 0 0
-1345 -1587 59 226 box2164 0 0 0
-1478 -1801 115 116 box2165 0 0 0
-1621 -1472 130 230 box2166 0 0 0
-1246 -1088 123 157 box2167 0 0 0
-1605 -1808 215 121 box2168 0 0 0
-1644 -1773 212 182 box2169 0 0 0
-1716 -1200 192 62 box2170 0 0 0
-1278 -1932 236 118 box2171 0 0 0
-1555 -1829 115 68 box2172 0 0 0
-1195 -1444 243 110 box2173 0 0 0
-1049 -1917 99 179 box2174 0 0 0
-1900 -1779 112 144 box2175 0 0 0
-1591 -1971 124 165 box2176 0 0 0
-1215 -1235 209 171 box2177 0 0 0
-1377 -1273 79 78 box2178 0 0 0
-1122 -1671 148 113 box2179 0 0 0
-1783 -1470 132 77 box2180 0 0 0
-1173 -1759 214 110 box2181 0 0 0
-1246 -1140 121 147 box2182 0 0 0
-1933 -1471 84 87 box2183 0 0 0
-1783 -1612 56 56 box2184 0 0 0
-1892 -1478 152 142 box2185 0 0 0
-1103 -1410 70 227 box2186 0 0 0
-1989 -1864 66 64 box2187 0 0 0
-1999 -1621 85 66 box2188 0 0 0
-1132 -1660 163 95 box2189 0 0 0
-1477 -1952 94 171 box2190 0 0 0
-1477 -1111 153 170 box2191 0 0 0
-1236 -1056 185 204 box2192 0 0 0
-1297 -1709 123 226 box2193 0 0 0
-1613 -1472 168 249 box2194 0 0 0
-1809 -1589 153 212 box2195 0 0 0
-1873 -1290 151 50 box2196 0 0 0
-1335 -1384 104 155 box2197 0 0 0
-1181 -1793 126 103 box2198 0 0 0
-1736 -1383 140 88 box2199 0 0 0
-1502 -1524 89 248 box2200 0 0 0
-1860 -1664 75 75 box2201 0 0 0
-1858 -1540 166 115 box2202 0 0 0
-1054 -1454 79 120 box2203 0 0 0
-1309 -1647 98 76 box2204 0 0 0
-1376 -1962 150 109 box2205 0 0 0
-1028 -1796 100 209 box2206 0 0 0
-1715 -1289 151 64 box2207 0 0 0
-1039 -1663 131 232 box2208 0 0 0
-1607 -1402 72 69 box2209 0 0 0
-1431 -1796 53 204 box2210 0 0 0
-1530 -1595 201 63 box2211 0 0 0
-1114 -1551 86 202 box2212 0 0 0
-1186 -1686 104 80 box2213 0 0 0
-1594 -1254 112 188 box2214 0 0 0
-1283 -1362 204 231 box2215 0 0 0
-1538 -1750 71 230 box2216 0 0 0
-1840 -1511 70 99 box2217 0 0 0
-1156 -1114 223 115 box2218 0 0 0
-1640 -1940 165 235 box2219 0 0 0
-1066 -1491 74 106 box2220 0 0 0
-1496 -1909 69 124 box2221 0 0 0
-1156 -1620 240 149 box2222 0 0 0
-1584 -1456 182 247 box2223 0 0 0
-1593 -1016 59 131 box2224 0 0 0
-1724 -1577 114 167 box2225 0 0 0
-1295 -1793 236 65 box2226 0 0 0
-1798 -1212 115 150 box2227 0 0 0
-1110 -1649 217 96 box2228 0 0 0
-1375 -1039 238 213 box2229 0 0 0
-1695 -1508 156 214 box2230 0 0 0
-1095 -1162 81 84 box2231 0 0 0
-1032 -1329 54 245 box2232 0 0 0
-1228 -1773 143 210 box2233 0 0 0
-1545 -1027 80 94 box2234 0 0 0
-1544 -1927 102 247 box2235 0 0 0
-1425 -1366 55 77 box2236 0 0 0
-1428 -1221 95 231 box2237 0 0 0
-1419 -1223 125 129 box2238 0 0 0
-1894 -1391 192 237 box2239 0 0 0
-1120 -1240 181 93 box2240 0 0 0
-1126 -1803 191 68 box2241 0 0 0
-1038 -1172 106 57 box2242 0 0 0
-1961 -1128 246 71 box2243 0 0 0
-1359 -1880 128 194 box2244 0 0 0
-1125 -1187 229 189 box2245 0 0 0
-1916 -1436 214 69 box2246 0 0 0
-1328 -1320 87 117 box2247 0 0 0
-1026 -1201 193 225 box2248 0 0 0
-1053 -1632 185 113 box2249 0 0 0
-1406 -1274 77 226 box2250 0 0 0
-1197 -1918 179 99 box2251 0 0 0
-1966 -1855 163 192 box2252 0 0 0
-1741 -1196 102 207 box2253 0 0 0
-1003 -1510 73 210 box2254 0 0 0
-1084 -1976 247 54 box2255 0 0 0
-1683 -1825 203 207 box2256 0 0 0
-1922 -1548 150 233 box2257 0 0 0
-1920 -1011 151 102 box2258 0 0 0
-1737 -1661 215 117 box2259 0 0 0
-1729 -1379 95 55 box2260 0 0 0
-1086 -1771 97 131 box2261 0 0 0
-1466 -1231 151 157 box2262 0 0 0
-1710 -1326 237 93 box2263 0 0 0
-1398 -1410 138 213 box2264 0 0 0
-1976 -1370 197 220 box2265 0 0 0
-1551 -1750 64 194 box2266 0 0 0
-1132 -1518 177 238 box2267 0 0 0
-1841 -1703 232 175 box2268 0 0 0
-1104 -1023 68 129 box2269 0 0 0
-1997 -1548 98 134 box2270 0 0 0
-1761 -1987 111 210 box2271 0 0 0
-1240 -1156 122 53 box2272 0 0 0
-1793 -1177 142 211 box2273 0 0 0
-1506 -1018 161 228 box2274 0 0 0
-1741 -1969 168 83 box2275 0 0 0
-1454 -1706 93 152 box2276 0 0 0
-1746 -1798 170 83 box2277 0 0 0
-1515 -1038 145 182 box2278 0 0 0
-1660 -1512 228 88 box2279 0 0 0
-1922 -1422 55 138 box2280 0 0 0
-1021 -1640 79 237 box2281 0 0 0
-1893 -1978 181 163 box2282 0 0 0
-1516 -1229 190 206 box2283 0 0 0
-1632 -1962 185 225 box2284 0 0 0
-1088 -1527 54 185 box2285 0 0 0
-1586 -1239 121 154 box2286 0 0 0
-1364 -1307 243 131 box2287 0 0 0
-1649 -1727 246 121 box2288 0 0 0
-1849 -1158 214 61 box2289 0 0 0
-1791 -1006 237 160 box2290 0 0 0
-1219 -1839 139 60 box2291 0 0 0
-1402 -1465 211 239 box2292 0 0 0
-1487 -1644 67 164 box2293 0 0 0
-1536 -1314 57 140 box2294 0 0 0
-1435 -1308 82 65 box2295 0 0 0
-1006 -1280 186 245 box2296 0 0 0
-1588 -1724 225 160 box2297 0 0 0
-1447 -1587 61 212 box2298 0 0 0
-1411 -1393 201 242 box2299 0 0 0
-1228 -1376 61 57 box2300 0 0 0
-1629 -1901 245 250 box2301 0 0 0
-1595 -1386 162 222 box2302 0 0 0
-1969 -1979 197 129 box2303 0 0 0
-1338 -1659 174 201 box2304 0 0 0
-1565 -1591 108 137 box2305 0 0 0
-1607 -1420 163 119 box2306 0 0 0
-1256 -1488 57 249 box2307 0 0 0
-1807 -1482 219 176 box2308 0 0 0
-1534 -1051 114 210 box2309 0 0 0
-1431 -1676 249 126 box2310 0 0 0
-1662 -1575 107 88 box2311 0 0 0
-1161 -1659 93 69 box2312 0 0 0
-1968 -1805 139 106 box2313 0 0 0
-1656 -1839 54 113 box2314 0 0 0
-1984 -1512 87 96 box2315 0 0 0
-1475 -1529 179 90 box2316 0 0 0
-1029 -1702 108 106 box2317 0 0 0
-1946 -1892 131 183 box2318 0 0 0
-1279 -1146 239 229 box2319 0 0 0
-1428 -1443 220 171 box2320 0 0 0
-1523 -1206 81 100 box2321 0 0 0
-1949 -1601 232 235 box2322 0 0 0
-1364 -1176 166 133 box2323 0 0 0
-1537 -1626 207 133 box2324 0 0 0
-1271 -1927 133 146 box2325 0 0 0
-1207 -1844 197 142 box2326 0 0 0
-1127 -1008 110 139 box2327 0 0 0
-1795 -1128 231 244 box2328 0 0 0
-1556 -1900 208 75 box2329 0 0 0
-1537 -1625 196 142 box2330 0 0 0
-1767 -1455 248 212 box2331 0 0 0
-1261 -1369 172 234 box2332 0 0 0
-1490 -1123 214 242 box2333 0 0 0
-1990 -1559 243 186 box2334 0 0 0
-1372 -1061 131 139 box2335 0 0 0
-1350 -1466 185 234 box2336 0 0 0
-1197 -1576 78 102 box2337 0 0 0
-1912 -1993 239 127 box2338 0 0 0
-1628 -1854 195 113 box2339 0 0 0
-1354 -1456 140 162 box2340 0 0 0
-1716 -1748 247 213 box2341 0 0 0
-1235 -1434 61 92 box2342 0 0 0
-1456 -1941 204 73 box2343 0 0 0
-1151 -1364 145 108 box2344 0 0 0
-1645 -1926 144 175 box2345 0 0 0
-1266 -1943 240 77 box2346 0 0 0
-1190 -1197 158 128 box2347 0 0 0
-1431 -1009 174 95 box2348 0 0 0
-1315 -1254 242 223 box2349 0 0 0
-1385 -1555 223 82 box2350 0 0 0
-1687 -1868 133 90 box2351 0 0 0
-1959 -1690 166 61 box2352 0 0 0
-1432 -1697 148 202 box2353 0 0 0
-1227 -1408 73 122 box2354 0 0 0
-1028 -1575 183 75 box2355 0 0 0
-1334 -1843 112 232 box2356 0 0 0
-1723 -1155 83 136 box2357 0 0 0
-1786 -1433 110 175 box2358 0 0 0
-1908 -1331 205 67 box2359 0 0 0
-1170 -1938 95 103 box2360 0 0 0
-1631 -1165 137 210 box2361 0 0 0
-1860 -1950 216 192 box2362 0 0 0
-1789 -1872 208 88 box2363 0 0 0
-1875 -1400 203 192 box2364 0 0 0
-1441 -1757 161 140 box2365 0 0 0
-1485 -1682 86 225 box2366 0 0 0
-1562 -1609 202 190 box2367 0 0 0
-1683 -1031 174 50 box2368 0 0 0
-1176 -1403 237 151 box2369 0 0 0
-1726 -1557 124 245 box2370 0 0 0
-1182 -1497 64 219 box2371 0 0 0
-1505 -1817 90 210 box2372 0 0 0
-1043 -1892 158 148 box2373 0 0 0
-1967 -1664 108 88 box2374 0 0 0
-1635 -1511 210 181 box2375 0 0 0
-1095 -1523 241 156 box2376 0 0 0
-1542 -1537 84 88 box2377 0 0 0
-1762 -1642 67 56 box2378 0 0 0
-1992 -1187 78 239 box2379 0 0 0
-1172 -1388 204 135 box2380 0 0 0
-1170 -1454 247 177 box2381 0 0 0
-1947 -1107 144 58 box2382 0 0 0
-1441 -1166 202 66 box2383 0 0 0
-1646 -1452 116 84 box2384 0 0 0
-1537 -1693 194 208 box2385 0 0 0
-1136 -1515 88 220 box2386 0 0 0
-1334 -1939 77 236 box2387 0 0 0
-1468 -1305 161 245 box2388 0 0 0
-1799 -1864 95 176 box2389 0 0 0
-1311 -1905 129 231 box2390 0 0 0
-1631 -1441 242 191 box2391 0 0 0
-1070 -1692 226 117 box2392 0 0 0
-1038 -1057 186 215 box2393 0 0 0
-1987 -1913 241 148 box2394 0 0 0
-1864 -1278 165 221 box2395 0 0 0
-1477 -1187 194 231 box2396 0 0 0
-1706 -1804 66 205 box2397 0 0 0
-1121 -1105 215 132 box2398 0 0 0
-1661 -1053 90 231 box2399 0 0 0
-1275 -1338 190 150 box2400 0 0 0
-1727 -1872 165 128 box2401 0 0 0
-1087 -1729 155 71 box2402 0 0 0
-1570 -1055 152 119 box2403 0 0 0
-1459 -1076 102 208 box2404 0 0 0
-1740 -1547 217 53 box2405 0 0 0
-1930 -1715 137 104 box2406 0 0 0
-1317 -1453 208 163 box2407 0 0 0
-1134 -1117 217 112 box2408 0 0 0
-1147 -1909 140 97 box2409 0 0 0
-1448 -1021 74 242 box2410 0 0 0
-1039 -1649 143 180 box2411 0 0 0
-1371 -1646 101 101 box2412 0 0 0
-1084 -1365 101 216 box2413 0 0 0
-1197 -1372 221 102 box2414 0 0 0
-1929 -1415 133 100 box2415 0 0 0
-1428 -1181 106 135 box2416 0 0 0
-1855 -1201 204 172 box2417 0 0 0
-1512 -1273 219 126 box2418 0 0 0
-1135 -1433 127 166 box2419 0 0 0
-1609 -1527 192 59 box2420 0 0 0
-1989 -1585 153 109 box2421 0 0 0
-1089 -1609 195 108 box2422 0 0 0
-1685 -1242 115 67 box2423 0 0 0
-1166 -1107 54 183 box2424 0 0 0
-1265 -1108 146 134 box2425 0 0 0
-1691 -1863 214 210 box2426 0 0 0
-1583 -1373 197 159 box2427 0 0 0
-1271 -1979 167 53 box2428 0 0 0
-1773 -1329 120 80 box2429 0 0 0
-1733 -1180 170 111 box2430 0 0 0
-1052 -1030 86 203 box2431 0 0 0
-1799 -1104 61 226 box2432 0 0 0
-1602 -1516 52 83 box2433 0 0 0
-1037 -1859 69 203 box2434 0 0 0
-1647 -1962 142 161 box2435 0 0 0
-1890 -1424 212 60 box2436 0 0 0
-1560 -1985 224 180 box2437 0 0 0
-1428 -1940 67 136 box2438 0 0 0
-1360 -1669 75 166 box2439 0 0 0
-1207 -1336 103 66 box2440 0 0 0
-1685 -1840 96 240 box2441 0 0 0
-1365 -1696 197 229 box2442 0 0 0
-1660 -1218 224 94 box2443 0 0 0
-1964 -1503 112 94 box2444 0 0 0
-1809 -1257 193 182 box2445 0 0 0
-1179 -1699 188 215 box2446 0 0 0
-1741 -1045 210 144 box2447 0 0 0
-1978 -1862 163 111 box2448 0 0 0
-1609 -1285 158 133 box2449 0 0 0
-1393 -1031 194 234 box2450 0 0 0
-1555 -1960 225 204 box2451 0 0 0
-1431 -1695 239 174 box2452 0 0 0
-1045 -1120 247 191 box2453 0 0 0
-1688 -1162 229 200 box2454 0 0 0
-1395 -1900 101 236 box2455 0 0 0
-1397 -1639 216 201 box2456 0 0 0
-1802 -1119 201 218 box2457 0 0 0
-1279 -1416 65 175 box2458 0 0 0
-1067 -1792 201 243 box2459 0 0 0
-1398 -1698 168 144 box2460 0 0 0
-1129 -1604 97 207 box2461 0 0 0
-1094 -1728 86 157 box2462 0 0 0
-1330 -1237 66 52 box2463 0 0 0
-1925 -1313 223 181 box2464 0 0 0
-1291 -1872 73 66 box2465 0 0 0
-1411 -1032 193 237 box2466 0 0 0
-1004 -1851 115 85 box2467 0 0 0
-1204 -1107 50 64 box2468 0 0 0
-1727 -1001 154 172 box2469 0 0 0
-1504 -1423 247 185 box2470 0 0 0
-1150 -1060 105 134 box2471 0 0 0
-1249 -1691 144 120 box2472 0 0 0
-1908 -1865 142 171 box2473 0 0 0
-1082 -1753 161 224 box2474 0 0 0
-1238 -1329 212 134 box2475 0 0 0
-1624 -1677 59 211 box2476 0 0 0
-1303 -1664 109 132 box2477 0 0 0
-1931 -1437 184 192 box2478 0 0 0
-1263 -1223 115 140 box2479 0 0 0
-1231 -1477 131 115 box2480 0 0 0
-1287 -1478 247 143 box2481 0 0 0
-1820 -1142 151 143 box2482 0 0 0
-1712 -1687 248 102 box2483 0 0 0
-1605 -1058 131 88 box2484 0 0 0
-1458 -1738 160 59 box2485 0 0 0
-1883 -1914 177 101 box2486 0 0 0
-1147 -1582 89 241 box2487 0 0 0
-1434 -1534 137 63 box2488 0 0 0
-1399 -1358 131 105 box2489 0 0 0
-1320 -1394 131 243 box2490 0 0 0
-1439 -1702 50 222 box2491 0 0 0
-1060 -1123 219 211 box2492 0 0 0
-1531 -1160 193 239 box2493 0 0 0
-1511 -1628 96 64 box2494 0 0 0
-1613 -1046 118 129 box2495 0 0 0
-1592 -1683 102 104 box2496 0 0 0
-1281 -1206 225 118 box2497 0 0 0
-1717 -1601 66 173 box2498 0 0 0
-1028 -1155 160 247 box2499 0 0 0
-1340 -1844 59 114 box2500 0 0 0
