1200
-1500 -1106 491 357 box1 0 0 0
98 -843 172 457 box2 0 0 0
538 1305 323 385 box3 0 0 0
993 -1397 175 389 box4 0 0 0
514 -1477 323 181 box5 0 0 0
-248 561 416 570 box6 0 0 0
1039 81 192 445 box7 0 0 0
-252 604 561 494 box8 0 0 0
-713 -1358 482 299 box9 0 0 0
398 769 597 315 box10 0 0 0
-759 1448 476 490 box11 0 0 0
455 -1282 435 550 box12 0 0 0
-682 -191 496 366 box13 0 0 0
-787 -676 313 226 box14 0 0 0
-40 1193 561 178 box15 0 0 0
1214 14 383 294 box16 0 0 0
1460 -18 271 191 box17 0 0 0
1344 -1279 376 324 box18 0 0 0
-669 1242 389 360 box19 0 0 0
1323 -1350 494 498 box20 0 0 0
984 -1124 158 461 box21 0 0 0
1105 389 483 478 box22 0 0 0
1499 1166 256 289 box23 0 0 0
-447 40 417 532 box24 0 0 0
-264 1025 272 338 box25 0 0 0
112 -96 280 231 box26 0 0 0
-1039 215 512 165 box27 0 0 0
103 -5 581 488 box28 0 0 0
164 1173 432 530 box29 0 0 0
-1021 -862 473 209 box30 0 0 0
-1227 -676 152 337 box31 0 0 0
-1420 630 573 259 box32 0 0 0
-958 -548 551 445 box33 0 0 0
-1049 544 325 325 box34 0 0 0
-1 -1058 415 532 box35 0 0 0
270 1367 401 217 box36 0 0 0
1450 -274 214 405 box37 0 0 0
-744 -34 360 584 box38 0 0 0
-1122 -901 294 434 box39 0 0 0
-1120 454 431 513 box40 0 0 0
-757 -71 326 242 box41 0 0 0
-1415 1205 343 215 box42 0 0 0
1343 -269 210 550 box43 0 0 0
-1224 -1014 183 315 box44 0 0 0
-741 -1095 504 356 box45 0 0 0
-452 -143 515 571 box46 0 0 0
455 -855 457 560 box47 0 0 0
-750 1083 363 379 box48 0 0 0
301 953 491 359 box49 0 0 0
1355 398 349 522 box50 0 0 0
567 607 596 581 box51 0 0 0
1054 -632 393 383 box52 0 0 0
-1190 -258 411 546 box53 0 0 0
-180 689 543 473 box54 0 0 0
902 620 485 159 box55 0 0 0
1158 75 359 180 box56 0 0 0
640 -33 452 458 box57 0 0 0
-902 1250 541 552 box58 0 0 0
132 -1083 354 597 box59 0 0 0
-854 -162 293 383 box60 0 0 0
1145 -181 361 514 box61 0 0 0
-405 -866 601 220 box62 0 0 0
392 349 151 151 box63 0 0 0
820 682 294 339 box64 0 0 0
548 542 243 528 box65 0 0 0
627 986 193 187 box66 0 0 0
792 389 247 247 box67 0 0 0
-1257 -334 580 578 box68 0 0 0
-331 -693 463 279 box69 0 0 0
831 852 341 278 box70 0 0 0
-918 -1467 237 594 box71 0 0 0
-768 959 212 330 box72 0 0 0
303 -970 524 222 box73 0 0 0
1464 -729 256 196 box74 0 0 0
-842 404 464 509 box75 0 0 0
589 759 452 436 box76 0 0 0
-1331 295 253 294 box77 0 0 0
600 -1148 494 388 box78 0 0 0
162 264 299 468 box79 0 0 0
-1071 -1015 369 538 box80 0 0 0
940 171 484 293 box81 0 0 0
-1094 86 291 416 box82 0 0 0
54 -208 267 317 box83 0 0 0
-321 -159 365 325 box84 0 0 0
-662 -1266 317 265 box85 0 0 0
516 529 382 479 box86 0 0 0
663 1335 358 575 box87 0 0 0
-535 -119 384 449 box88 0 0 0
-295 317 595 218 box89 0 0 0
510 -469 395 386 box90 0 0 0
988 -1456 274 440 box91 0 0 0
138 1254 271 588 box92 0 0 0
-760 1032 464 356 box93 0 0 0
952 -1434 223 469 box94 0 0 0
624 -190 413 490 box95 0 0 0
1475 587 277 490 box96 0 0 0
-987 -1488 374 187 box97 0 0 0
-1011 1210 504 487 box98 0 0 0
-191 -1481 414 384 box99 0 0 0
-1300 132 326 248 box100 0 0 0
-343 381 448 470 box101 0 0 0
116 -659 518 318 box102 0 0 0
558 -570 155 197 box103 0 0 0
63 828 250 175 box104 0 0 0
-1289 -1020 477 284 box105 0 0 0
-1349 -67 357 385 box106 0 0 0
-161 -1049 279 526 box107 0 0 0
587 233 458 300 box108 0 0 0
-1328 1461 395 151 box109 0 0 0
1069 -1412 321 371 box110 0 0 0
229 717 457 392 box111 0 0 0
-1394 -1133 589 235 box112 0 0 0
-446 342 425 207 box113 0 0 0
159 1363 311 528 box114 0 0 0
1423 -723 264 342 box115 0 0 0
939 1194 261 494 box116 0 0 0
585 -144 269 451 box117 0 0 0
-1151 -872 202 397 box118 0 0 0
-1482 -972 421 345 box119 0 0 0
-1253 562 320 528 box120 0 0 0
-1129 1421 164 187 box121 0 0 0
-17 809 572 263 box122 0 0 0
-421 808 376 488 box123 0 0 0
516 545 492 167 box124 0 0 0
-809 -835 404 445 box125 0 0 0
350 -386 252 256 box126 0 0 0
459 -1003 486 223 box127 0 0 0
-1358 486 207 579 box128 0 0 0
-47 363 563 159 box129 0 0 0
281 666 374 175 box130 0 0 0
-175 58 499 180 box131 0 0 0
-172 1432 361 299 box132 0 0 0
-162 730 243 228 box133 0 0 0
-383 1320 586 265 box134 0 0 0
-1289 -1129 388 223 box135 0 0 0
53 -1185 530 317 box136 0 0 0
-228 -518 472 411 box137 0 0 0
1116 775 528 466 box138 0 0 0
-333 1306 424 314 box139 0 0 0
119 -135 332 259 box140 0 0 0
-1251 -235 364 281 box141 0 0 0
-1185 -851 512 388 box142 0 0 0
507 1091 260 471 box143 0 0 0
-709 -352 187 358 box144 0 0 0
-802 886 372 152 box145 0 0 0
-702 494 342 235 box146 0 0 0
1391 -1098 509 577 box147 0 0 0
-987 318 179 307 box148 0 0 0
-623 29 523 527 box149 0 0 0
680 -512 512 435 box150 0 0 0
-1364 -1376 220 496 box151 0 0 0
-1315 58 570 250 box152 0 0 0
-887 -1233 466 469 box153 0 0 0
-16 -715 471 321 box154 0 0 0
-898 -802 347 362 box155 0 0 0
1084 1432 351 166 box156 0 0 0
71 -1406 490 417 box157 0 0 0
969 -511 255 392 box158 0 0 0
-208 -289 596 587 box159 0 0 0
1052 1103 291 217 box160 0 0 0
1493 419 362 571 box161 0 0 0
573 947 395 409 box162 0 0 0
-1023 1336 521 221 box163 0 0 0
-1377 -469 200 194 box164 0 0 0
56 -1433 404 537 box165 0 0 0
51 524 483 466 box166 0 0 0
-1432 -924 453 306 box167 0 0 0
-1302 -1078 566 250 box168 0 0 0
-360 258 226 162 box169 0 0 0
574 787 472 185 box170 0 0 0
270 1277 570 345 box171 0 0 0
18 994 565 422 box172 0 0 0
672 58 372 223 box173 0 0 0
1429 223 274 390 box174 0 0 0
596 501 194 398 box175 0 0 0
332 504 374 408 box176 0 0 0
267 -176 219 377 box177 0 0 0
694 -1405 174 386 box178 0 0 0
-538 -1395 261 199 box179 0 0 0
-351 156 420 426 box180 0 0 0
1306 816 382 370 box181 0 0 0
451 591 334 370 box182 0 0 0
-61 632 391 275 box183 0 0 0
317 -660 468 390 box184 0 0 0
1315 -794 337 420 box185 0 0 0
849 1261 458 521 box186 0 0 0
82 -809 215 556 box187 0 0 0
-746 455 153 573 box188 0 0 0
-674 1077 276 580 box189 0 0 0
20 -1132 338 467 box190 0 0 0
-191 -1177 496 196 box191 0 0 0
-176 -466 284 492 box192 0 0 0
-485 -508 176 409 box193 0 0 0
-44 -893 202 590 box194 0 0 0
1094 -24 316 514 box195 0 0 0
-1014 -1022 177 218 box196 0 0 0
-96 -358 549 342 box197 0 0 0
-263 454 290 178 box198 0 0 0
944 1193 565 557 box199 0 0 0
810 -988 409 165 box200 0 0 0
910 67 539 276 box201 0 0 0
1109 261 326 517 box202 0 0 0
77 1320 340 412 box203 0 0 0
748 1143 303 236 box204 0 0 0
730 657 547 183 box205 0 0 0
631 1138 313 191 box206 0 0 0
-1017 -250 194 455 box207 0 0 0
188 939 547 497 box208 0 0 0
406 1190 547 370 box209 0 0 0
-1161 -368 323 461 box210 0 0 0
-1135 -1270 215 366 box211 0 0 0
626 -786 327 591 box212 0 0 0
386 544 560 314 box213 0 0 0
1078 883 344 184 box214 0 0 0
-4 -48 354 376 box215 0 0 0
723 1299 286 216 box216 0 0 0
-1170 -1259 589 335 box217 0 0 0
-785 1390 526 240 box218 0 0 0
-1112 -911 303 410 box219 0 0 0
-179 257 346 317 box220 0 0 0
-353 300 344 218 box221 0 0 0
511 1487 465 332 box222 0 0 0
1048 959 508 319 box223 0 0 0
-1472 -61 439 442 box224 0 0 0
435 897 321 312 box225 0 0 0
-332 -497 463 216 box226 0 0 0
-626 501 536 292 box227 0 0 0
-1068 307 153 566 box228 0 0 0
-354 50 306 270 box229 0 0 0
-627 1001 207 437 box230 0 0 0
-1354 -126 320 221 box231 0 0 0
768 498 156 509 box232 0 0 0
183 -634 338 295 box233 0 0 0
44 658 530 255 box234 0 0 0
-105 -380 173 184 box235 0 0 0
-893 199 526 341 box236 0 0 0
1019 -621 232 312 box237 0 0 0
1303 268 317 359 box238 0 0 0
384 1334 334 173 box239 0 0 0
-166 288 488 540 box240 0 0 0
-1107 -1187 451 526 box241 0 0 0
244 476 593 159 box242 0 0 0
1265 -916 587 386 box243 0 0 0
-664 660 417 528 box244 0 0 0
1004 480 480 441 box245 0 0 0
-452 105 450 296 box246 0 0 0
1108 -173 565 275 box247 0 0 0
1356 -1149 338 528 box248 0 0 0
1388 -501 388 392 box249 0 0 0
955 1290 449 260 box250 0 0 0
1325 290 207 262 box251 0 0 0
1161 -912 224 528 box252 0 0 0
307 370 529 453 box253 0 0 0
-325 1114 451 203 box254 0 0 0
-1500 528 434 356 box255 0 0 0
223 -1404 309 536 box256 0 0 0
-388 484 410 178 box257 0 0 0
734 -662 350 230 box258 0 0 0
-1225 1192 598 418 box259 0 0 0
-1401 573 370 407 box260 0 0 0
1188 -197 461 242 box261 0 0 0
-55 -683 578 261 box262 0 0 0
1360 -69 208 584 box263 0 0 0
1072 -848 154 503 box264 0 0 0
-1349 1381 440 409 box265 0 0 0
-1089 -1113 522 377 box266 0 0 0
468 15 388 204 box267 0 0 0
1210 507 276 325 box268 0 0 0
-326 994 260 206 box269 0 0 0
685 444 241 533 box270 0 0 0
-1433 -1184 235 313 box271 0 0 0
839 658 451 413 box272 0 0 0
-447 -1029 282 227 box273 0 0 0
-829 514 333 550 box274 0 0 0
238 -475 348 466 box275 0 0 0
1003 876 533 278 box276 0 0 0
-706 -990 391 184 box277 0 0 0
1497 751 206 225 box278 0 0 0
-225 820 247 346 box279 0 0 0
-1401 1288 198 271 box280 0 0 0
-54 879 267 247 box281 0 0 0
-653 -358 244 569 box282 0 0 0
792 350 410 311 box283 0 0 0
1224 -907 202 507 box284 0 0 0
595 -1446 488 202 box285 0 0 0
1185 464 306 323 box286 0 0 0
-855 -506 159 563 box287 0 0 0
857 -320 480 526 box288 0 0 0
1134 -1112 305 575 box289 0 0 0
-414 -444 187 408 box290 0 0 0
829 1033 373 519 box291 0 0 0
428 -194 309 308 box292 0 0 0
-656 1258 433 486 box293 0 0 0
-1028 830 264 427 box294 0 0 0
1064 -556 425 207 box295 0 0 0
-379 -1100 269 207 box296 0 0 0
-892 752 182 357 box297 0 0 0
1390 -796 240 459 box298 0 0 0
-1256 1063 219 205 box299 0 0 0
928 1333 171 178 box300 0 0 0
989 -1077 512 253 box301 0 0 0
-302 298 446 175 box302 0 0 0
1460 937 337 165 box303 0 0 0
-1176 1424 542 453 box304 0 0 0
1003 -786 474 416 box305 0 0 0
-833 -817 151 352 box306 0 0 0
-271 1299 161 382 box307 0 0 0
-371 1079 509 425 box308 0 0 0
-505 372 445 441 box309 0 0 0
-723 -1422 596 244 box310 0 0 0
427 181 320 205 box311 0 0 0
-153 -1087 415 395 box312 0 0 0
-49 1160 187 314 box313 0 0 0
-1198 -603 530 562 box314 0 0 0
984 1411 517 510 box315 0 0 0
1020 -154 440 463 box316 0 0 0
948 -95 238 332 box317 0 0 0
1292 -98 321 384 box318 0 0 0
-817 1198 595 212 box319 0 0 0
-125 568 276 335 box320 0 0 0
720 -1407 288 237 box321 0 0 0
940 -676 474 335 box322 0 0 0
856 667 411 436 box323 0 0 0
896 -1500 434 307 box324 0 0 0
-84 -23 389 294 box325 0 0 0
1074 -1086 331 325 box326 0 0 0
1040 -1332 357 496 box327 0 0 0
-623 1386 601 485 box328 0 0 0
-451 890 240 421 box329 0 0 0
129 -745 241 410 box330 0 0 0
41 743 425 597 box331 0 0 0
896 164 217 199 box332 0 0 0
71 -761 408 301 box333 0 0 0
536 -1292 531 546 box334 0 0 0
-504 -1064 486 449 box335 0 0 0
-292 255 401 373 box336 0 0 0
344 1275 427 266 box337 0 0 0
-1381 362 305 161 box338 0 0 0
-986 332 342 407 box339 0 0 0
691 -378 315 320 box340 0 0 0
-1241 249 339 200 box341 0 0 0
-524 556 405 544 box342 0 0 0
96 1424 178 365 box343 0 0 0
-1170 1477 398 466 box344 0 0 0
-1119 -75 177 351 box345 0 0 0
1254 -182 538 600 box346 0 0 0
148 -1128 532 236 box347 0 0 0
493 469 589 357 box348 0 0 0
-1022 -1083 278 589 box349 0 0 0
294 1057 179 568 box350 0 0 0
1349 -100 278 358 box351 0 0 0
-208 1099 240 324 box352 0 0 0
778 943 454 476 box353 0 0 0
550 -558 226 461 box354 0 0 0
1263 -1003 152 230 box355 0 0 0
-966 -906 452 455 box356 0 0 0
52 -530 361 295 box357 0 0 0
-1219 1112 351 217 box358 0 0 0
456 1326 548 449 box359 0 0 0
-889 -989 158 225 box360 0 0 0
-1173 -417 404 585 box361 0 0 0
-764 -1429 164 550 box362 0 0 0
1159 1240 397 228 box363 0 0 0
-39 944 573 413 box364 0 0 0
147 -85 490 300 box365 0 0 0
-983 39 322 524 box366 0 0 0
1402 -1486 286 356 box367 0 0 0
1172 1031 263 481 box368 0 0 0
1019 -231 470 334 box369 0 0 0
79 77 192 333 box370 0 0 0
847 -706 289 234 box371 0 0 0
770 362 442 298 box372 0 0 0
-1038 -947 356 391 box373 0 0 0
-1013 1278 335 165 box374 0 0 0
-998 195 595 214 box375 0 0 0
-499 -573 310 224 box376 0 0 0
-534 -361 440 422 box377 0 0 0
-1387 -495 186 396 box378 0 0 0
-27 -637 264 349 box379 0 0 0
476 -523 151 589 box380 0 0 0
-1198 -545 581 308 box381 0 0 0
-1004 1457 203 169 box382 0 0 0
1383 856 250 196 box383 0 0 0
-737 -188 260 278 box384 0 0 0
148 1147 535 453 box385 0 0 0
173 774 557 535 box386 0 0 0
779 -798 601 268 box387 0 0 0
-375 -602 487 598 box388 0 0 0
799 -214 440 360 box389 0 0 0
-1193 -955 540 378 box390 0 0 0
1293 1195 282 434 box391 0 0 0
1427 132 525 175 box392 0 0 0
-931 1426 496 543 box393 0 0 0
-1403 55 320 588 box394 0 0 0
-921 -815 420 555 box395 0 0 0
148 -1246 501 498 box396 0 0 0
625 -1345 549 183 box397 0 0 0
1484 -690 376 460 box398 0 0 0
746 1334 462 562 box399 0 0 0
-987 946 278 368 box400 0 0 0
1233 610 331 226 box401 0 0 0
1208 -870 398 319 box402 0 0 0
-711 920 257 448 box403 0 0 0
-493 66 355 424 box404 0 0 0
501 -1435 520 321 box405 0 0 0
125 1410 487 508 box406 0 0 0
776 -140 334 261 box407 0 0 0
607 -859 449 334 box408 0 0 0
-671 -471 286 461 box409 0 0 0
1363 835 557 160 box410 0 0 0
1423 -1339 335 224 box411 0 0 0
888 -1466 422 566 box412 0 0 0
-1171 135 183 401 box413 0 0 0
-350 -56 327 335 box414 0 0 0
177 1324 466 416 box415 0 0 0
-1467 -652 325 487 box416 0 0 0
197 163 272 203 box417 0 0 0
-1015 -437 515 270 box418 0 0 0
-925 -257 443 389 box419 0 0 0
-1282 -90 321 195 box420 0 0 0
-20 -1102 248 348 box421 0 0 0
-441 1482 553 308 box422 0 0 0
-183 905 593 286 box423 0 0 0
230 156 215 379 box424 0 0 0
0 689 188 248 box425 0 0 0
-982 -344 319 270 box426 0 0 0
-1006 1070 261 553 box427 0 0 0
874 1393 264 279 box428 0 0 0
149 657 383 370 box429 0 0 0
-445 1076 336 160 box430 0 0 0
1247 1379 407 601 box431 0 0 0
-299 263 514 335 box432 0 0 0
-1370 136 209 410 box433 0 0 0
1408 544 244 405 box434 0 0 0
992 -622 289 592 box435 0 0 0
1455 251 301 386 box436 0 0 0
-1253 924 458 419 box437 0 0 0
-888 -899 224 277 box438 0 0 0
-908 879 544 506 box439 0 0 0
-1228 -1020 262 494 box440 0 0 0
51 -325 542 301 box441 0 0 0
290 841 596 581 box442 0 0 0
969 831 460 530 box443 0 0 0
384 805 329 414 box444 0 0 0
-240 905 366 462 box445 0 0 0
941 153 283 415 box446 0 0 0
-77 1196 344 268 box447 0 0 0
-108 -1500 447 192 box448 0 0 0
187 537 452 487 box449 0 0 0
458 1446 277 504 box450 0 0 0
-1485 -1240 177 568 box451 0 0 0
-856 844 265 280 box452 0 0 0
715 -613 364 561 box453 0 0 0
1270 1176 264 490 box454 0 0 0
552 -96 364 245 box455 0 0 0
19 1194 527 583 box456 0 0 0
1420 1256 218 269 box457 0 0 0
-311 815 498 500 box458 0 0 0
-137 -244 437 442 box459 0 0 0
726 989 273 502 box460 0 0 0
-959 -1140 506 598 box461 0 0 0
-1269 -225 530 436 box462 0 0 0
1335 -209 577 511 box463 0 0 0
-369 -760 524 169 box464 0 0 0
-814 -1218 539 170 box465 0 0 0
1364 973 542 381 box466 0 0 0
751 1495 339 246 box467 0 0 0
-289 -1174 314 194 box468 0 0 0
-889 -339 522 556 box469 0 0 0
1398 952 338 519 box470 0 0 0
675 -124 338 418 box471 0 0 0
310 503 596 484 box472 0 0 0
-1488 377 209 555 box473 0 0 0
534 -515 257 354 box474 0 0 0
542 -724 216 468 box475 0 0 0
296 573 184 547 box476 0 0 0
-891 -850 481 505 box477 0 0 0
1375 647 484 239 box478 0 0 0
-854 -1439 529 494 box479 0 0 0
-844 -239 273 456 box480 0 0 0
1008 -1349 431 436 box481 0 0 0
-127 -1172 478 158 box482 0 0 0
-262 115 197 439 box483 0 0 0
-193 -1417 260 299 box484 0 0 0
396 -373 396 497 box485 0 0 0
-1264 788 172 234 box486 0 0 0
-89 1016 303 317 box487 0 0 0
1062 860 276 518 box488 0 0 0
610 1194 543 337 box489 0 0 0
-954 163 390 309 box490 0 0 0
676 1416 257 214 box491 0 0 0
-787 905 521 331 box492 0 0 0
1104 307 168 491 box493 0 0 0
-37 1436 311 480 box494 0 0 0
-1005 1137 290 456 box495 0 0 0
-1049 -637 559 160 box496 0 0 0
275 1334 525 407 box497 0 0 0
-866 -1409 413 440 box498 0 0 0
-1035 -1296 289 410 box499 0 0 0
-394 -870 166 492 box500 0 0 0
-1305 -674 498 319 box501 0 0 0
-592 -437 587 431 box502 0 0 0
594 -460 220 383 box503 0 0 0
196 589 461 515 box504 0 0 0
-124 709 223 298 box505 0 0 0
-1463 -178 514 571 box506 0 0 0
191 201 410 596 box507 0 0 0
686 -1167 381 351 box508 0 0 0
-76 135 414 217 box509 0 0 0
677 76 306 416 box510 0 0 0
-1402 1227 492 380 box511 0 0 0
-273 -110 224 463 box512 0 0 0
-1396 578 228 264 box513 0 0 0
1342 731 520 281 box514 0 0 0
-502 467 527 342 box515 0 0 0
-176 -206 177 323 box516 0 0 0
433 54 245 483 box517 0 0 0
567 40 316 377 box518 0 0 0
-1129 -253 517 164 box519 0 0 0
122 -1153 481 436 box520 0 0 0
149 32 469 381 box521 0 0 0
663 1427 469 577 box522 0 0 0
-354 391 234 371 box523 0 0 0
-588 561 466 534 box524 0 0 0
-29 902 231 353 box525 0 0 0
-798 -1430 388 544 box526 0 0 0
-483 -124 455 235 box527 0 0 0
290 -429 521 341 box528 0 0 0
-1345 1035 213 567 box529 0 0 0
1069 961 161 590 box530 0 0 0
-673 708 195 524 box531 0 0 0
847 -1463 510 424 box532 0 0 0
-1449 142 433 164 box533 0 0 0
-564 231 295 444 box534 0 0 0
943 707 483 460 box535 0 0 0
-1111 763 293 152 box536 0 0 0
-1188 208 549 246 box537 0 0 0
348 -777 547 190 box538 0 0 0
-369 281 513 326 box539 0 0 0
444 894 179 593 box540 0 0 0
276 1385 300 540 box541 0 0 0
-748 -82 222 543 box542 0 0 0
645 -1381 183 507 box543 0 0 0
-943 -1377 258 458 box544 0 0 0
-922 454 306 274 box545 0 0 0
-549 -1432 593 253 box546 0 0 0
487 -837 569 178 box547 0 0 0
859 -635 444 324 box548 0 0 0
-957 722 266 391 box549 0 0 0
-1428 -654 369 572 box550 0 0 0
1403 261 550 306 box551 0 0 0
1108 -1481 237 291 box552 0 0 0
-823 30 519 250 box553 0 0 0
131 -925 233 441 box554 0 0 0
1181 -15 277 213 box555 0 0 0
-445 -949 463 188 box556 0 0 0
-1371 -419 261 284 box557 0 0 0
212 -348 309 541 box558 0 0 0
-632 1257 295 487 box559 0 0 0
488 882 572 383 box560 0 0 0
885 928 289 411 box561 0 0 0
-531 -1200 177 462 box562 0 0 0
-915 -200 383 296 box563 0 0 0
130 1452 427 154 box564 0 0 0
1444 81 441 433 box565 0 0 0
-926 -645 228 351 box566 0 0 0
1287 -1068 330 544 box567 0 0 0
-913 769 512 542 box568 0 0 0
973 -516 408 423 box569 0 0 0
-1248 918 200 339 box570 0 0 0
733 -529 448 378 box571 0 0 0
20 1196 230 355 box572 0 0 0
-696 -273 356 581 box573 0 0 0
1377 -53 229 459 box574 0 0 0
47 1220 420 331 box575 0 0 0
730 1442 306 322 box576 0 0 0
1389 988 195 210 box577 0 0 0
-1187 857 509 502 box578 0 0 0
-360 -447 214 260 box579 0 0 0
-1210 -1427 205 468 box580 0 0 0
640 -1234 412 570 box581 0 0 0
263 269 599 410 box582 0 0 0
-1307 -683 320 266 box583 0 0 0
-785 932 594 274 box584 0 0 0
-1098 -1366 440 412 box585 0 0 0
467 106 309 565 box586 0 0 0
1138 -1268 228 535 box587 0 0 0
-50 1370 194 420 box588 0 0 0
-1131 -199 205 329 box589 0 0 0
-1098 484 341 454 box590 0 0 0
-727 -80 408 502 box591 0 0 0
-939 -801 220 436 box592 0 0 0
302 -43 194 164 box593 0 0 0
-470 855 564 337 box594 0 0 0
1294 -702 261 334 box595 0 0 0
900 -1075 415 418 box596 0 0 0
936 542 383 522 box597 0 0 0
477 154 323 491 box598 0 0 0
-917 -1117 403 409 box599 0 0 0
606 323 270 498 box600 0 0 0
-1148 -350 174 206 box601 0 0 0
-1359 -1006 509 306 box602 0 0 0
-660 1026 251 209 box603 0 0 0
24 -713 285 279 box604 0 0 0
-1170 32 217 593 box605 0 0 0
967 1220 461 290 box606 0 0 0
-822 493 224 240 box607 0 0 0
597 -1168 188 167 box608 0 0 0
-1119 -943 256 533 box609 0 0 0
1073 -628 317 366 box610 0 0 0
-897 496 462 170 box611 0 0 0
791 -817 156 549 box612 0 0 0
-793 644 234 179 box613 0 0 0
1130 420 175 408 box614 0 0 0
1311 1300 550 313 box615 0 0 0
-534 120 230 586 box616 0 0 0
-1012 660 595 223 box617 0 0 0
432 482 574 183 box618 0 0 0
833 -927 350 374 box619 0 0 0
-1106 -7 304 323 box620 0 0 0
-401 386 478 572 box621 0 0 0
820 -1497 541 378 box622 0 0 0
-239 -321 446 393 box623 0 0 0
372 -359 364 574 box624 0 0 0
810 798 269 501 box625 0 0 0
-1237 487 406 560 box626 0 0 0
-592 -1322 214 364 box627 0 0 0
659 -1472 490 432 box628 0 0 0
-1307 334 462 373 box629 0 0 0
1489 803 413 499 box630 0 0 0
-1426 -580 361 584 box631 0 0 0
-258 -1036 247 316 box632 0 0 0
1006 282 234 412 box633 0 0 0
953 -1340 361 498 box634 0 0 0
-317 -198 297 284 box635 0 0 0
1233 -595 381 428 box636 0 0 0
-1048 -748 575 594 box637 0 0 0
10 1204 372 152 box638 0 0 0
-673 1500 558 162 box639 0 0 0
-1359 -1325 557 220 box640 0 0 0
105 1318 289 282 box641 0 0 0
-401 -1225 584 351 box642 0 0 0
479 -160 414 578 box643 0 0 0
51 14 318 461 box644 0 0 0
116 -241 171 513 box645 0 0 0
-1199 1377 412 459 box646 0 0 0
425 -1174 519 178 box647 0 0 0
403 71 226 319 box648 0 0 0
732 459 453 202 box649 0 0 0
719 298 571 247 box650 0 0 0
-1317 237 314 587 box651 0 0 0
-973 942 270 558 box652 0 0 0
192 -1356 367 598 box653 0 0 0
599 -1146 517 371 box654 0 0 0
-1494 -905 182 339 box655 0 0 0
-1500 -1184 589 342 box656 0 0 0
289 1248 292 165 box657 0 0 0
911 337 253 333 box658 0 0 0
-700 -91 242 322 box659 0 0 0
438 1459 415 259 box660 0 0 0
-213 574 247 272 box661 0 0 0
1361 -1435 310 367 box662 0 0 0
-1100 562 250 275 box663 0 0 0
-1090 203 458 474 box664 0 0 0
659 854 268 330 box665 0 0 0
1492 -1035 239 204 box666 0 0 0
-1032 1002 178 275 box667 0 0 0
357 256 309 581 box668 0 0 0
-424 -22 217 272 box669 0 0 0
63 234 540 288 box670 0 0 0
1361 -1464 538 252 box671 0 0 0
1222 -731 579 259 box672 0 0 0
1206 -1153 316 383 box673 0 0 0
-1450 -262 298 277 box674 0 0 0
249 979 570 573 box675 0 0 0
1118 -1172 564 383 box676 0 0 0
1064 -1100 212 438 box677 0 0 0
-1069 616 434 543 box678 0 0 0
1100 -717 426 161 box679 0 0 0
84 1377 316 571 box680 0 0 0
150 1387 284 480 box681 0 0 0
233 -132 235 228 box682 0 0 0
814 171 398 301 box683 0 0 0
-1423 -59 495 589 box684 0 0 0
-45 996 504 212 box685 0 0 0
-1413 -402 538 314 box686 0 0 0
691 442 300 307 box687 0 0 0
-781 -1094 517 307 box688 0 0 0
-1195 1226 238 386 box689 0 0 0
-804 46 243 233 box690 0 0 0
-1302 4 593 377 box691 0 0 0
82 -440 315 298 box692 0 0 0
-670 339 354 599 box693 0 0 0
-11 1112 571 522 box694 0 0 0
-163 -1384 272 470 box695 0 0 0
-1050 1377 541 426 box696 0 0 0
1310 950 565 579 box697 0 0 0
-1395 -354 228 274 box698 0 0 0
-647 -635 396 255 box699 0 0 0
-1495 -1081 165 200 box700 0 0 0
345 -910 219 222 box701 0 0 0
332 148 323 419 box702 0 0 0
-141 570 480 288 box703 0 0 0
-1074 1195 199 435 box704 0 0 0
1406 301 210 434 box705 0 0 0
-1116 1282 553 164 box706 0 0 0
321 554 168 421 box707 0 0 0
-802 921 226 285 box708 0 0 0
-1295 -1020 369 517 box709 0 0 0
550 -22 214 389 box710 0 0 0
1223 -196 254 363 box711 0 0 0
-754 933 249 281 box712 0 0 0
459 -874 252 294 box713 0 0 0
-1226 -395 154 545 box714 0 0 0
1086 -905 462 374 box715 0 0 0
-727 58 578 199 box716 0 0 0
-656 201 240 202 box717 0 0 0
1206 1051 426 154 box718 0 0 0
984 -826 159 535 box719 0 0 0
1171 427 440 152 box720 0 0 0
1098 -793 193 263 box721 0 0 0
1084 -152 384 419 box722 0 0 0
-43 763 153 268 box723 0 0 0
-1001 1110 400 523 box724 0 0 0
1427 19 462 430 box725 0 0 0
569 -1422 273 232 box726 0 0 0
-237 1482 256 213 box727 0 0 0
-236 -924 197 304 box728 0 0 0
-208 541 359 291 box729 0 0 0
398 -331 492 364 box730 0 0 0
-232 430 406 182 box731 0 0 0
-202 -103 422 428 box732 0 0 0
-75 1417 255 219 box733 0 0 0
44 -207 592 597 box734 0 0 0
-223 951 453 392 box735 0 0 0
-909 -590 503 574 box736 0 0 0
-916 -1410 216 287 box737 0 0 0
693 -502 371 596 box738 0 0 0
795 -165 163 448 box739 0 0 0
471 -999 200 263 box740 0 0 0
835 83 351 389 box741 0 0 0
-1038 456 418 215 box742 0 0 0
1005 1238 422 470 box743 0 0 0
-902 -1310 371 322 box744 0 0 0
601 1033 335 264 box745 0 0 0
1202 -792 229 496 box746 0 0 0
1272 943 403 398 box747 0 0 0
-41 -1377 391 503 box748 0 0 0
281 1247 222 167 box749 0 0 0
656 32 334 177 box750 0 0 0
-1467 -1295 177 200 box751 0 0 0
1432 -349 259 159 box752 0 0 0
-415 -244 521 575 box753 0 0 0
-556 132 301 555 box754 0 0 0
437 91 317 252 box755 0 0 0
-1041 1241 172 250 box756 0 0 0
324 -821 407 233 box757 0 0 0
-250 -950 436 502 box758 0 0 0
589 -1384 261 394 box759 0 0 0
995 -112 442 586 box760 0 0 0
689 1226 302 408 box761 0 0 0
1396 1392 417 439 box762 0 0 0
-1420 -9 400 488 box763 0 0 0
-630 -338 375 350 box764 0 0 0
-594 1284 154 294 box765 0 0 0
760 1451 344 193 box766 0 0 0
-1484 1105 355 364 box767 0 0 0
-183 -465 454 159 box768 0 0 0
156 -561 334 503 box769 0 0 0
-13 118 284 401 box770 0 0 0
1091 -378 301 219 box771 0 0 0
1099 1464 200 274 box772 0 0 0
-1457 240 543 430 box773 0 0 0
-1220 912 561 592 box774 0 0 0
774 -876 534 228 box775 0 0 0
1487 494 307 499 box776 0 0 0
-807 167 398 292 box777 0 0 0
-1232 167 240 330 box778 0 0 0
1290 -1101 374 195 box779 0 0 0
-412 226 491 319 box780 0 0 0
542 -1171 350 568 box781 0 0 0
158 1273 476 451 box782 0 0 0
599 -1425 504 267 box783 0 0 0
1076 -1103 507 205 box784 0 0 0
-116 751 378 154 box785 0 0 0
35 325 158 277 box786 0 0 0
-198 -940 573 569 box787 0 0 0
837 -203 373 183 box788 0 0 0
-1259 378 577 168 box789 0 0 0
624 -208 380 332 box790 0 0 0
-1263 -695 316 262 box791 0 0 0
-384 1111 229 368 box792 0 0 0
-1212 -1278 581 268 box793 0 0 0
-333 -917 426 596 box794 0 0 0
-908 225 355 227 box795 0 0 0
-399 -1496 494 306 box796 0 0 0
-1208 -106 463 585 box797 0 0 0
-839 440 230 558 box798 0 0 0
934 1045 262 155 box799 0 0 0
204 -126 270 382 box800 0 0 0
-161 1199 174 318 box801 0 0 0
1242 82 435 166 box802 0 0 0
1428 -1306 310 395 box803 0 0 0
1044 -152 584 356 box804 0 0 0
1075 -1445 542 533 box805 0 0 0
-1481 -1186 310 154 box806 0 0 0
381 473 486 439 box807 0 0 0
-729 296 369 169 box808 0 0 0
-1072 761 372 558 box809 0 0 0
-614 1119 587 201 box810 0 0 0
215 -1086 475 354 box811 0 0 0
826 1118 480 469 box812 0 0 0
-268 966 517 531 box813 0 0 0
73 -296 415 350 box814 0 0 0
709 719 273 583 box815 0 0 0
724 560 342 337 box816 0 0 0
1034 -1391 202 552 box817 0 0 0
554 -264 280 541 box818 0 0 0
-753 606 449 341 box819 0 0 0
-1443 340 368 297 box820 0 0 0
-1125 46 333 342 box821 0 0 0
-53 872 301 536 box822 0 0 0
-1350 -1495 331 402 box823 0 0 0
328 966 344 313 box824 0 0 0
-220 893 195 369 box825 0 0 0
-72 -77 407 156 box826 0 0 0
-1256 -519 322 259 box827 0 0 0
408 1331 238 346 box828 0 0 0
-1321 333 417 541 box829 0 0 0
1157 896 518 174 box830 0 0 0
887 -1242 215 334 box831 0 0 0
-854 -1268 291 500 box832 0 0 0
326 -806 588 401 box833 0 0 0
1158 188 494 437 box834 0 0 0
-837 -827 338 376 box835 0 0 0
-1189 733 349 568 box836 0 0 0
845 -1144 500 524 box837 0 0 0
-1359 1375 519 230 box838 0 0 0
185 -1135 185 394 box839 0 0 0
-697 -1062 412 592 box840 0 0 0
421 -1262 564 216 box841 0 0 0
787 1108 380 337 box842 0 0 0
1369 -1092 502 511 box843 0 0 0
1363 -1048 400 269 box844 0 0 0
1233 808 336 193 box845 0 0 0
-135 -223 481 443 box846 0 0 0
875 495 431 284 box847 0 0 0
150 1456 459 257 box848 0 0 0
748 -1474 420 317 box849 0 0 0
975 -944 245 450 box850 0 0 0
1203 344 288 475 box851 0 0 0
-520 818 360 209 box852 0 0 0
-1078 -875 520 536 box853 0 0 0
-669 864 543 459 box854 0 0 0
866 736 256 502 box855 0 0 0
208 816 566 594 box856 0 0 0
1436 1237 518 465 box857 0 0 0
1093 -243 561 165 box858 0 0 0
390 -13 525 271 box859 0 0 0
197 11 502 151 box860 0 0 0
78 -635 435 516 box861 0 0 0
-1311 925 336 395 box862 0 0 0
501 5 312 578 box863 0 0 0
29 -530 433 568 box864 0 0 0
1350 -66 345 389 box865 0 0 0
-1356 -1118 472 273 box866 0 0 0
-1097 779 506 532 box867 0 0 0
-144 553 246 304 box868 0 0 0
-131 214 513 565 box869 0 0 0
-1010 219 598 190 box870 0 0 0
-333 451 305 348 box871 0 0 0
-875 -275 517 439 box872 0 0 0
-193 -1350 278 253 box873 0 0 0
-409 -589 382 235 box874 0 0 0
-482 -758 528 510 box875 0 0 0
106 -131 324 595 box876 0 0 0
-1250 -1001 200 233 box877 0 0 0
-696 1165 402 489 box878 0 0 0
1200 -649 557 224 box879 0 0 0
-782 739 517 516 box880 0 0 0
994 -1146 345 570 box881 0 0 0
721 796 249 303 box882 0 0 0
265 243 542 238 box883 0 0 0
547 257 352 599 box884 0 0 0
-961 580 407 512 box885 0 0 0
-183 -682 360 351 box886 0 0 0
-223 881 302 221 box887 0 0 0
1247 493 211 502 box888 0 0 0
-1062 -519 580 395 box889 0 0 0
-349 -1096 567 322 box890 0 0 0
690 -1025 400 595 box891 0 0 0
1099 1398 237 227 box892 0 0 0
1097 -341 252 515 box893 0 0 0
1255 -1245 397 268 box894 0 0 0
-658 1210 510 274 box895 0 0 0
-624 -1362 250 325 box896 0 0 0
1297 817 166 253 box897 0 0 0
102 -483 421 458 box898 0 0 0
-111 -74 402 245 box899 0 0 0
820 326 352 561 box900 0 0 0
201 -711 283 496 box901 0 0 0
-1323 881 392 226 box902 0 0 0
1017 876 399 509 box903 0 0 0
-695 1131 549 286 box904 0 0 0
986 -143 422 551 box905 0 0 0
1149 1105 379 560 box906 0 0 0
-667 837 498 495 box907 0 0 0
-971 1391 310 268 box908 0 0 0
595 808 599 526 box909 0 0 0
307 124 211 377 box910 0 0 0
-340 -303 248 303 box911 0 0 0
1469 1458 214 350 box912 0 0 0
958 198 539 576 box913 0 0 0
1225 -683 297 600 box914 0 0 0
-1484 -1212 230 567 box915 0 0 0
-1387 1090 453 477 box916 0 0 0
595 -1417 597 351 box917 0 0 0
-590 -1214 539 191 box918 0 0 0
-1246 1165 361 285 box919 0 0 0
1435 -1224 375 299 box920 0 0 0
519 687 332 231 box921 0 0 0
1332 376 184 588 box922 0 0 0
-1039 81 502 239 box923 0 0 0
105 1310 258 523 box924 0 0 0
-1301 -1222 376 408 box925 0 0 0
-1367 57 353 351 box926 0 0 0
-967 -1249 427 419 box927 0 0 0
69 -366 452 319 box928 0 0 0
113 -1310 469 384 box929 0 0 0
1150 1197 559 379 box930 0 0 0
-469 -1170 564 176 box931 0 0 0
140 -635 599 244 box932 0 0 0
781 1461 286 422 box933 0 0 0
1056 -781 246 497 box934 0 0 0
1318 -1238 579 564 box935 0 0 0
-1035 -157 444 263 box936 0 0 0
-148 1027 477 379 box937 0 0 0
-696 -782 364 454 box938 0 0 0
997 1500 579 340 box939 0 0 0
259 -74 416 453 box940 0 0 0
-1179 394 459 287 box941 0 0 0
748 605 538 293 box942 0 0 0
714 -649 275 447 box943 0 0 0
-449 398 161 207 box944 0 0 0
-38 445 298 284 box945 0 0 0
-394 -1051 410 504 box946 0 0 0
943 398 335 486 box947 0 0 0
-731 -110 448 379 box948 0 0 0
-1291 1079 365 290 box949 0 0 0
1048 119 312 254 box950 0 0 0
-275 1479 419 432 box951 0 0 0
1119 -1171 179 468 box952 0 0 0
-1070 -284 511 512 box953 0 0 0
-966 -513 424 549 box954 0 0 0
-1209 211 176 386 box955 0 0 0
1172 726 470 382 box956 0 0 0
-1245 994 491 357 box957 0 0 0
1344 24 321 208 box958 0 0 0
-247 1210 344 581 box959 0 0 0
-1360 -696 354 208 box960 0 0 0
-1167 -10 498 229 box961 0 0 0
856 924 386 261 box962 0 0 0
425 -891 409 306 box963 0 0 0
-1489 750 427 383 box964 0 0 0
1227 647 538 435 box965 0 0 0
-77 -1115 479 158 box966 0 0 0
-1457 -958 196 388 box967 0 0 0
-810 -484 189 574 box968 0 0 0
-1346 -37 234 369 box969 0 0 0
-427 260 305 374 box970 0 0 0
-991 -622 593 165 box971 0 0 0
-92 1076 252 392 box972 0 0 0
-538 1058 494 308 box973 0 0 0
796 564 395 404 box974 0 0 0
-326 -542 597 344 box975 0 0 0
-755 61 407 473 box976 0 0 0
-738 -669 436 237 box977 0 0 0
-67 1328 229 560 box978 0 0 0
965 1217 468 424 box979 0 0 0
241 -597 215 404 box980 0 0 0
-302 -802 581 539 box981 0 0 0
-597 444 308 495 box982 0 0 0
1487 935 423 601 box983 0 0 0
852 -922 455 531 box984 0 0 0
751 -54 262 502 box985 0 0 0
1372 293 214 179 box986 0 0 0
45 93 578 190 box987 0 0 0
333 1296 171 249 box988 0 0 0
938 -839 473 330 box989 0 0 0
-44 1437 317 379 box990 0 0 0
-697 -282 537 209 box991 0 0 0
-984 992 480 380 box992 0 0 0
1470 1195 470 299 box993 0 0 0
1475 -935 273 552 box994 0 0 0
-712 1189 554 233 box995 0 0 0
-1189 -953 316 330 box996 0 0 0
1013 -1463 480 411 box997 0 0 0
1389 1179 471 323 box998 0 0 0
320 -805 574 492 box999 0 0 0
-678 805 197 325 box1000 0 0 0
220 -410 285 177 box1001 0 0 0
-1122 -1470 336 317 box1002 0 0 0
-1038 -1170 346 513 box1003 0 0 0
-638 560 227 545 box1004 0 0 0
75 -909 196 292 box1005 0 0 0
-917 -942 172 367 box1006 0 0 0
610 -1107 229 496 box1007 0 0 0
821 -273 487 243 box1008 0 0 0
-379 454 312 151 box1009 0 0 0
-1192 -623 200 388 box1010 0 0 0
-358 -372 246 599 box1011 0 0 0
-631 -215 259 483 box1012 0 0 0
39 -1466 182 425 box1013 0 0 0
142 -125 572 287 box1014 0 0 0
1216 -190 537 234 box1015 0 0 0
-602 923 522 243 box1016 0 0 0
321 -239 318 183 box1017 0 0 0
-836 -524 488 302 box1018 0 0 0
993 -947 474 520 box1019 0 0 0
-1479 609 189 560 box1020 0 0 0
1202 282 423 349 box1021 0 0 0
-1444 860 358 282 box1022 0 0 0
-6 420 572 409 box1023 0 0 0
873 13 182 315 box1024 0 0 0
-622 -174 554 574 box1025 0 0 0
525 -1428 307 151 box1026 0 0 0
149 1287 225 498 box1027 0 0 0
821 -518 309 458 box1028 0 0 0
-1018 -75 435 221 box1029 0 0 0
-663 475 598 360 box1030 0 0 0
1383 -524 383 375 box1031 0 0 0
946 155 536 449 box1032 0 0 0
-444 583 178 217 box1033 0 0 0
-154 -148 393 419 box1034 0 0 0
239 -13 290 596 box1035 0 0 0
-314 290 287 185 box1036 0 0 0
-250 794 470 485 box1037 0 0 0
1034 313 431 486 box1038 0 0 0
220 -724 330 216 box1039 0 0 0
1361 235 339 267 box1040 0 0 0
881 957 243 332 box1041 0 0 0
-710 -1252 371 165 box1042 0 0 0
1474 952 394 201 box1043 0 0 0
741 -1116 382 318 box1044 0 0 0
-767 1217 516 323 box1045 0 0 0
-355 -961 241 589 box1046 0 0 0
1295 670 592 476 box1047 0 0 0
-52 65 400 401 box1048 0 0 0
462 -1283 219 192 box1049 0 0 0
1141 1018 598 446 box1050 0 0 0
76 -410 503 468 box1051 0 0 0
-1208 858 245 532 box1052 0 0 0
-761 1323 223 154 box1053 0 0 0
1343 141 574 230 box1054 0 0 0
607 959 165 198 box1055 0 0 0
681 -1080 347 165 box1056 0 0 0
-1238 -79 581 432 box1057 0 0 0
904 -1238 593 592 box1058 0 0 0
-361 -537 560 508 box1059 0 0 0
1487 -1365 401 548 box1060 0 0 0
-836 -1028 336 278 box1061 0 0 0
1488 -129 174 439 box1062 0 0 0
-824 -595 545 219 box1063 0 0 0
906 -737 218 335 box1064 0 0 0
-42 -1132 578 247 box1065 0 0 0
-296 -286 320 280 box1066 0 0 0
-317 714 371 512 box1067 0 0 0
294 -687 231 478 box1068 0 0 0
915 -17 499 204 box1069 0 0 0
-322 -1208 316 217 box1070 0 0 0
-1076 -1077 575 534 box1071 0 0 0
376 -274 568 502 box1072 0 0 0
-1239 143 495 390 box1073 0 0 0
357 651 207 524 box1074 0 0 0
194 -1000 301 417 box1075 0 0 0
-840 -832 257 220 box1076 0 0 0
899 422 452 443 box1077 0 0 0
775 872 245 476 box1078 0 0 0
-1334 -918 258 446 box1079 0 0 0
-15 -1297 503 175 box1080 0 0 0
-202 888 559 379 box1081 0 0 0
1223 -657 601 197 box1082 0 0 0
-99 -1129 511 253 box1083 0 0 0
-1395 283 283 371 box1084 0 0 0
745 -1078 487 447 box1085 0 0 0
610 134 372 256 box1086 0 0 0
36 -5 347 402 box1087 0 0 0
-562 -1260 190 320 box1088 0 0 0
338 -1044 523 174 box1089 0 0 0
-882 -514 454 552 box1090 0 0 0
-404 777 200 302 box1091 0 0 0
-1263 -629 468 577 box1092 0 0 0
-405 -1054 188 428 box1093 0 0 0
1289 -666 190 306 box1094 0 0 0
-605 -59 183 178 box1095 0 0 0
1435 1298 462 588 box1096 0 0 0
580 712 254 378 box1097 0 0 0
-224 851 412 525 box1098 0 0 0
337 -724 307 380 box1099 0 0 0
-320 -832 245 294 box1100 0 0 0
664 -1396 197 225 box1101 0 0 0
707 -48 354 191 box1102 0 0 0
1117 -77 162 388 box1103 0 0 0
1252 915 327 239 box1104 0 0 0
119 -682 408 438 box1105 0 0 0
105 1335 477 218 box1106 0 0 0
171 331 357 569 box1107 0 0 0
-698 -387 472 176 box1108 0 0 0
-753 307 472 545 box1109 0 0 0
927 -384 460 533 box1110 0 0 0
-1213 1429 595 333 box1111 0 0 0
455 -453 175 363 box1112 0 0 0
1371 -146 214 439 box1113 0 0 0
-195 -1407 359 450 box1114 0 0 0
-494 -530 322 441 box1115 0 0 0
1064 476 409 456 box1116 0 0 0
-343 -369 396 553 box1117 0 0 0
-1337 1335 318 526 box1118 0 0 0
1131 -280 295 525 box1119 0 0 0
-1345 947 174 541 box1120 0 0 0
-319 -852 506 542 box1121 0 0 0
-158 -1127 331 203 box1122 0 0 0
-568 -529 279 341 box1123 0 0 0
1029 212 164 459 box1124 0 0 0
-1247 673 285 345 box1125 0 0 0
1468 -56 199 557 box1126 0 0 0
274 -160 515 210 box1127 0 0 0
1082 -630 396 245 box1128 0 0 0
512 1085 562 152 box1129 0 0 0
973 1020 190 515 box1130 0 0 0
-56 1498 232 441 box1131 0 0 0
1111 32 188 349 box1132 0 0 0
1043 -489 483 256 box1133 0 0 0
1072 -1492 176 279 box1134 0 0 0
708 563 516 235 box1135 0 0 0
170 624 211 341 box1136 0 0 0
253 1370 262 475 box1137 0 0 0
770 638 206 457 box1138 0 0 0
1428 325 491 188 box1139 0 0 0
857 -1091 183 306 box1140 0 0 0
538 478 255 228 box1141 0 0 0
-151 1189 494 417 box1142 0 0 0
-857 42 470 153 box1143 0 0 0
-452 425 165 166 box1144 0 0 0
847 1017 483 417 box1145 0 0 0
-893 391 385 194 box1146 0 0 0
180 -735 202 509 box1147 0 0 0
1119 -1306 289 374 box1148 0 0 0
-882 -1370 446 178 box1149 0 0 0
-665 -532 520 236 box1150 0 0 0
809 202 328 294 box1151 0 0 0
443 -588 200 370 box1152 0 0 0
-61 -68 521 503 box1153 0 0 0
1402 1492 361 401 box1154 0 0 0
-1327 1103 151 246 box1155 0 0 0
208 73 466 187 box1156 0 0 0
-1160 -498 346 268 box1157 0 0 0
-428 -210 572 479 box1158 0 0 0
-1444 -243 528 599 box1159 0 0 0
-1466 1401 223 324 box1160 0 0 0
-1065 -242 458 253 box1161 0 0 0
671 765 292 312 box1162 0 0 0
1432 467 180 586 box1163 0 0 0
505 -1493 409 302 box1164 0 0 0
-886 -1126 587 394 box1165 0 0 0
1081 -482 362 538 box1166 0 0 0
1156 -870 342 578 box1167 0 0 0
-1366 1014 383 485 box1168 0 0 0
860 796 260 416 box1169 0 0 0
-1021 1106 594 189 box1170 0 0 0
-829 198 302 301 box1171 0 0 0
62 601 383 310 box1172 0 0 0
788 -827 229 255 box1173 0 0 0
357 1269 520 228 box1174 0 0 0
1143 1307 473 237 box1175 0 0 0
683 339 387 185 box1176 0 0 0
1382 608 186 291 box1177 0 0 0
-23 748 547 377 box1178 0 0 0
625 79 382 197 box1179 0 0 0
-414 -1421 574 452 box1180 0 0 0
972 1097 535 541 box1181 0 0 0
256 1314 463 381 box1182 0 0 0
198 987 462 589 box1183 0 0 0
-71 -775 157 376 box1184 0 0 0
-956 -16 222 487 box1185 0 0 0
-266 -422 265 571 box1186 0 0 0
-16 444 576 316 box1187 0 0 0
231 28 519 598 box1188 0 0 0
127 1356 198 447 box1189 0 0 0
-733 -815 176 439 box1190 0 0 0
944 -168 580 555 box1191 0 0 0
-28 -550 483 524 box1192 0 0 0
183 1187 421 335 box1193 0 0 0
-887 -829 329 339 box1194 0 0 0
1114 215 501 398 box1195 0 0 0
422 -74 387 180 box1196 0 0 0
709 851 324 170 box1197 0 0 0
146 983 541 543 box1198 0 0 0
242 -401 225 520 box1199 0 0 0
360 461 478 354 box1200 0 0 0
