120
-500 -369 165 120 box1 0 0 0
33 -281 58 153 box2 0 0 0
179 435 108 129 box3 0 0 0
331 -466 59 130 box4 0 0 0
171 -493 108 61 box5 0 0 0
-83 187 139 191 box6 0 0 0
347 27 64 149 box7 0 0 0
-84 201 188 166 box8 0 0 0
-238 -453 162 100 box9 0 0 0
133 257 200 106 box10 0 0 0
-253 483 160 164 box11 0 0 0
152 -428 146 184 box12 0 0 0
-228 -64 166 123 box13 0 0 0
-262 -225 105 76 box14 0 0 0
-13 398 188 60 box15 0 0 0
405 5 128 99 box16 0 0 0
487 -6 91 64 box17 0 0 0
448 -427 126 109 box18 0 0 0
-223 414 130 121 box19 0 0 0
441 -450 165 167 box20 0 0 0
328 -375 53 154 box21 0 0 0
369 130 162 160 box22 0 0 0
500 389 86 97 box23 0 0 0
-149 13 140 178 box24 0 0 0
-88 342 91 113 box25 0 0 0
37 -32 94 77 box26 0 0 0
-347 72 172 55 box27 0 0 0
34 -2 195 163 box28 0 0 0
55 391 145 178 box29 0 0 0
-341 -288 158 70 box30 0 0 0
-409 -226 51 113 box31 0 0 0
-474 210 192 87 box32 0 0 0
-319 -183 184 149 box33 0 0 0
-350 182 109 109 box34 0 0 0
0 -353 139 178 box35 0 0 0
90 456 134 73 box36 0 0 0
484 -91 72 136 box37 0 0 0
-248 -11 121 196 box38 0 0 0
-374 -301 99 146 box39 0 0 0
-374 151 144 172 box40 0 0 0
-252 -24 109 81 box41 0 0 0
-472 402 115 72 box42 0 0 0
448 -90 70 184 box43 0 0 0
-408 -338 61 106 box44 0 0 0
-247 -365 169 119 box45 0 0 0
-151 -48 173 191 box46 0 0 0
152 -285 153 188 box47 0 0 0
-250 361 122 127 box48 0 0 0
100 318 165 120 box49 0 0 0
452 133 117 175 box50 0 0 0
189 202 200 195 box51 0 0 0
352 -211 132 128 box52 0 0 0
-397 -86 138 183 box53 0 0 0
-60 230 182 159 box54 0 0 0
301 207 162 53 box55 0 0 0
386 25 120 60 box56 0 0 0
214 -11 151 153 box57 0 0 0
-301 417 181 185 box58 0 0 0
44 -361 119 200 box59 0 0 0
-285 -54 98 128 box60 0 0 0
382 -60 121 172 box61 0 0 0
-135 -289 201 74 box62 0 0 0
131 116 51 51 box63 0 0 0
274 228 99 114 box64 0 0 0
183 181 81 177 box65 0 0 0
209 329 65 63 box66 0 0 0
264 130 83 83 box67 0 0 0
-419 -111 194 194 box68 0 0 0
-110 -231 155 93 box69 0 0 0
277 284 114 93 box70 0 0 0
-306 -489 79 199 box71 0 0 0
-256 320 71 111 box72 0 0 0
101 -323 176 74 box73 0 0 0
488 -243 86 66 box74 0 0 0
-281 135 156 171 box75 0 0 0
196 253 152 146 box76 0 0 0
-444 98 85 99 box77 0 0 0
200 -383 166 130 box78 0 0 0
54 88 100 157 box79 0 0 0
-357 -339 124 180 box80 0 0 0
314 57 162 98 box81 0 0 0
-365 29 97 139 box82 0 0 0
18 -69 90 106 box83 0 0 0
-107 -53 122 109 box84 0 0 0
-221 -422 106 89 box85 0 0 0
172 176 128 161 box86 0 0 0
221 445 120 192 box87 0 0 0
-179 -40 129 150 box88 0 0 0
-98 106 199 73 box89 0 0 0
170 -156 132 129 box90 0 0 0
330 -486 92 148 box91 0 0 0
46 418 91 197 box92 0 0 0
-254 344 155 119 box93 0 0 0
317 -478 75 157 box94 0 0 0
208 -63 138 164 box95 0 0 0
492 196 93 164 box96 0 0 0
-329 -496 125 63 box97 0 0 0
-337 404 169 163 box98 0 0 0
-64 -494 139 129 box99 0 0 0
-434 44 109 83 box100 0 0 0
-114 127 150 158 box101 0 0 0
39 -220 174 107 box102 0 0 0
186 -190 52 66 box103 0 0 0
21 276 84 59 box104 0 0 0
-430 -340 160 95 box105 0 0 0
-450 -22 120 129 box106 0 0 0
-54 -350 94 176 box107 0 0 0
196 78 153 101 box108 0 0 0
-443 487 132 51 box109 0 0 0
357 -471 108 124 box110 0 0 0
76 239 153 131 box111 0 0 0
-465 -378 197 79 box112 0 0 0
-149 114 142 70 box113 0 0 0
53 454 104 177 box114 0 0 0
475 -241 88 115 box115 0 0 0
313 398 87 165 box116 0 0 0
195 -48 90 151 box117 0 0 0
-384 -291 68 133 box118 0 0 0
-494 -324 141 116 box119 0 0 0
-418 188 107 177 box120 0 0 0
