35
0 13 18 13 box1 0 0 0
53 22 6 16 box2 0 0 0
68 94 12 14 box3 0 0 0
83 3 6 14 box4 0 0 0
67 0 12 7 box5 0 0 0
42 69 15 20 box6 0 0 0
85 53 7 16 box7 0 0 0
42 70 20 18 box8 0 0 0
26 4 17 11 box9 0 0 0
63 76 21 11 box10 0 0 0
24 99 17 18 box11 0 0 0
65 7 16 20 box12 0 0 0
27 44 18 13 box13 0 0 0
24 27 11 8 box14 0 0 0
49 90 20 6 box15 0 0 0
91 50 14 11 box16 0 0 0
99 49 10 7 box17 0 0 0
95 7 14 12 box18 0 0 0
27 92 14 13 box19 0 0 0
95 5 18 18 box20 0 0 0
83 12 6 17 box21 0 0 0
87 63 17 17 box22 0 0 0
100 89 9 10 box23 0 0 0
35 51 15 19 box24 0 0 0
41 84 10 12 box25 0 0 0
54 47 10 8 box26 0 0 0
15 57 18 6 box27 0 0 0
53 50 21 17 box28 0 0 0
56 89 15 19 box29 0 0 0
16 21 17 8 box30 0 0 0
9 27 6 12 box31 0 0 0
2 71 21 9 box32 0 0 0
18 32 20 16 box33 0 0 0
15 68 12 12 box34 0 0 0
50 14 15 19 box35 0 0 0
