50
-50 -37 18 13 box1 0 0 0
3 -28 6 16 box2 0 0 0
18 44 12 14 box3 0 0 0
33 -47 6 14 box4 0 0 0
17 -50 12 7 box5 0 0 0
-8 19 15 20 box6 0 0 0
35 3 7 16 box7 0 0 0
-8 20 20 18 box8 0 0 0
-24 -46 17 11 box9 0 0 0
13 26 21 11 box10 0 0 0
-26 49 17 18 box11 0 0 0
15 -43 16 20 box12 0 0 0
-23 -6 18 13 box13 0 0 0
-26 -23 11 8 box14 0 0 0
-1 40 20 6 box15 0 0 0
41 0 14 11 box16 0 0 0
49 -1 10 7 box17 0 0 0
45 -43 14 12 box18 0 0 0
-23 42 14 13 box19 0 0 0
45 -45 18 18 box20 0 0 0
33 -38 6 17 box21 0 0 0
37 13 17 17 box22 0 0 0
50 39 9 10 box23 0 0 0
-15 1 15 19 box24 0 0 0
-9 34 10 12 box25 0 0 0
4 -3 10 8 box26 0 0 0
-35 7 18 6 box27 0 0 0
3 0 21 17 box28 0 0 0
6 39 15 19 box29 0 0 0
-34 -29 17 8 box30 0 0 0
-41 -23 6 12 box31 0 0 0
-48 21 21 9 box32 0 0 0
-32 -18 20 16 box33 0 0 0
-35 18 12 12 box34 0 0 0
0 -36 15 19 box35 0 0 0
9 46 14 8 box36 0 0 0
49 -9 8 15 box37 0 0 0
-25 -1 13 21 box38 0 0 0
-38 -30 11 16 box39 0 0 0
-38 15 15 18 box40 0 0 0
-25 -2 12 9 box41 0 0 0
-48 41 12 8 box42 0 0 0
45 -9 8 20 box43 0 0 0
-41 -34 7 11 box44 0 0 0
-25 -37 18 13 box45 0 0 0
-15 -5 18 20 box46 0 0 0
15 -29 16 20 box47 0 0 0
-25 36 13 14 box48 0 0 0
10 32 18 13 box49 0 0 0
46 13 13 19 box50 0 0 0
