43
36780	19819	6000	1000	Tirana	0	0	0
42147	1521	16000	1000	Andorra-la-Vella	0	0	0
45699	27576	5000	1000	Minsk	0	0	0
49603	4367	8000	1000	Bruessel	0	0	0
39371	18421	8000	1000	Sarajevo	0	0	0
37175	23323	5000	1000	Sofia	0	0	0
51788	12568	10000	1000	Kopenhagen	0	0	0
48609	13411	6000	1000	Berlin	0	0	0
51263	24754	7000	1000	Tallinn	0	0	0
51832	24938	8000	1000	Helsinki	0	0	0
48217	2351	5000	1000	Paris	0	0	0
32975	23716	5000	1000	Athen	0	0	0
51463	-126	6000	1000	London	0	0	0
51486	-6267	6000	1000	Dublin	0	0	0
56333	-21895	9000	1000	Reykjavik	0	0	0
38989	12482	3000	1000	Rom	0	0	0
41748	15978	6000	1000	Zagreb	0	0	0
49320	24104	4000	1000	Riga	0	0	0
44647	9521	5000	1000	Vaduz	0	0	0
47008	25279	7000	1000	Vilnius	0	0	0
47920	6129	9000	1000	Luxemburg	0	0	0
33008	14518	8000	1000	Valletta	0	0	0
37000	21436	6000	1000	Skopje	0	0	0
39480	28849	8000	1000	Chisinau	0	0	0
41929	7418	6000	1000	Monaco	0	0	0
37917	19259	9000	1000	Podgorica	0	0	0
50949	4891	9000	1000	Amsterdam	0	0	0
56338	10738	4000	1000	Oslo	0	0	0
43824	16372	4000	1000	Wien	0	0	0
46132	21012	8000	1000	Warschau	0	0	0
36742	-9135	8000	1000	Lissabon	0	0	0
38002	26097	8000	1000	Bukarest	0	0	0
44103	37617	6000	1000	Moskau	0	0	0
40900	12457	10000	1000	San-Marino	0	0	0
53377	18064	9000	1000	Stockholm	0	0	0
45005	7448	4000	1000	Bern	0	0	0
39706	20478	7000	1000	Belgrad	0	0	0
43616	17154	10000	1000	Bratislava	0	0	0
42339	14506	9000	1000	Ljubljana	0	0	0
39584	-3703	6000	1000	Madrid	0	0	0
46074	14420	4000	1000	Prag	0	0	0
41884	30536	4000	1000	Kiew	0	0	0
42473	19040	8000	1000	Budapest	0	0	0
