193
24842	31227	50000	10000	Kairo	0	0	0
36150	3059	60000	10000	Algier	0	0	0
-8167	13230	60000	10000	Luanda	0	0	0
3569	8774	60000	10000	Malabo	0	0	0
7068	38757	50000	10000	Abeba	0	0	0
6382	2632	40000	10000	Novo	0	0	0
-21108	25908	80000	10000	Gaborone	0	0	0
12250	-1535	110000	10000	Ouagadougou	0	0	0
-2829	29362	90000	10000	Bujumbura	0	0	0
6606	-5272	120000	10000	Yamoussoukro	0	0	0
8804	43142	90000	10000	Dschibuti	0	0	0
12016	38918	60000	10000	Asmara	0	0	0
364	9449	100000	10000	Libreville	0	0	0
12193	-16677	60000	10000	Banjul	0	0	0
5533	-207	50000	10000	Accra	0	0	0
8812	-13678	70000	10000	Conakry	0	0	0
10832	-15587	60000	10000	Bissau	0	0	0
3613	11521	60000	10000	Jaunde	0	0	0
12969	-23515	50000	10000	Praia	0	0	0
-1015	36796	70000	10000	Nairobi	0	0	0
-8889	43241	60000	10000	Moroni	0	0	0
-3913	15266	110000	10000	Brazzaville	0	0	0
-3966	15327	80000	10000	Kinshasa	0	0	0
-24823	27485	60000	10000	Maseru	0	0	0
5931	-10804	80000	10000	Monrovia	0	0	0
30473	13189	80000	10000	Tripolis	0	0	0
-13924	47523	120000	10000	Antananarivo	0	0	0
-11364	33770	80000	10000	Lilongwe	0	0	0
12091	-7986	60000	10000	Bamako	0	0	0
32692	-6870	50000	10000	Rabat	0	0	0
16461	-15990	100000	10000	Nouakchott	0	0	0
-13724	57489	50000	10000	Louis	0	0	0
-21267	32580	60000	10000	Maputo	0	0	0
-20431	17080	70000	10000	Windhuk	0	0	0
13357	2115	60000	10000	Niamey	0	0	0
8681	7489	50000	10000	Abuja	0	0	0
-1619	30061	60000	10000	Kigali	0	0	0
-12992	28280	60000	10000	Lusaka	0	0	0
323	6731	40000	10000	Tome	0	0	0
13270	-17443	50000	10000	Dakar	0	0	0
-3194	55450	80000	10000	Victoria	0	0	0
7844	-13265	80000	10000	Freetown	0	0	0
-14747	31049	60000	10000	Harare	0	0	0
1526	45342	90000	10000	Mogadishu	0	0	0
12739	32532	80000	10000	Khartoum	0	0	0
3997	31604	40000	10000	Juba	0	0	0
-21764	31141	70000	10000	Mbabane	0	0	0
-21714	28187	80000	10000	Pretoria	0	0	0
-4942	35749	60000	10000	Dodoma	0	0	0
6080	1225	40000	10000	Lome	0	0	0
11100	15035	90000	10000	N'djamena	0	0	0
34729	10176	50000	10000	Tunis	0	0	0
256	32571	70000	10000	Kampala	0	0	0
3911	18587	60000	10000	Bangui	0	0	0
11235	-61845	120000	10000	Saint-John's	0	0	0
-23378	-58417	120000	10000	Buenos-Aires	0	0	0
14296	-77339	60000	10000	Nassau	0	0	0
8757	-59610	100000	10000	Bridgetown	0	0	0
8744	-88771	80000	10000	Belmopan	0	0	0
-12138	-65255	50000	10000	Sucre	0	0	0
-11578	-47929	80000	10000	Brasilia	0	0	0
-20333	-70642	80000	10000	Santiago	0	0	0
5295	-84100	40000	10000	Jose	0	0	0
10079	-61390	60000	10000	Roseau	0	0	0
11304	-69890	70000	10000	Domingo	0	0	0
-129	-78524	50000	10000	Quito	0	0	0
6911	-89207	80000	10000	Salvador	0	0	0
7918	-61748	80000	10000	George's	0	0	0
7268	-90532	90000	10000	Guatemala	0	0	0
4605	-58154	100000	10000	Georgetown	0	0	0
11089	-72328	60000	10000	Prince	0	0	0
7259	-87206	110000	10000	Tegucigalpa	0	0	0
10316	-76792	80000	10000	Kingston	0	0	0
26320	-75697	60000	10000	Ottawa	0	0	0
2734	-74096	60000	10000	Bogota	0	0	0
12547	-82366	70000	10000	Havanna	0	0	0
8728	-99127	60000	10000	Mexico	0	0	0
6325	-86273	70000	10000	Managua	0	0	0
5020	-79518	60000	10000	Panama	0	0	0
-17198	-57636	80000	10000	Asuncion	0	0	0
-6916	-77046	40000	10000	Lima	0	0	0
11269	-62713	100000	10000	Basseterre	0	0	0
9253	-61001	80000	10000	Castries	0	0	0
8709	-61265	90000	10000	Kingstown	0	0	0
4038	-55167	100000	10000	Paramaribo	0	0	0
7018	-61478	50000	10000	Spain	0	0	0
-24025	-56067	100000	10000	Montevideo	0	0	0
6595	-66898	70000	10000	Caracas	0	0	0
22249	-77024	100000	10000	Washington	0	0	0
21246	69195	50000	10000	Kabul	0	0	0
30228	44509	60000	10000	Eriwan	0	0	0
29189	49893	40000	10000	Baku	0	0	0
18838	50535	60000	10000	Manama	0	0	0
11802	90397	50000	10000	Dhaka	0	0	0
13769	89673	70000	10000	Thimphu	0	0	0
1786	114942	190000	10000	Bandar-Seri-Begawan	0	0	0
14100	116395	60000	10000	Peking	0	0	0
31323	44793	60000	10000	Tiflis	0	0	0
16349	77225	90000	10000	Neu-Delhi	0	0	0
-2515	106806	70000	10000	Jakarta	0	0	0
25098	44392	60000	10000	Bagdad	0	0	0
25503	51435	70000	10000	Teheran	0	0	0
25569	35200	90000	10000	Jerusalem	0	0	0
7991	139682	50000	10000	Tokio	0	0	0
11583	44208	50000	10000	Sanaa	0	0	0
25562	35934	50000	10000	Amman	0	0	0
4816	104898	100000	10000	Phnom-Penh	0	0	0
30864	71447	60000	10000	Astana	0	0	0
18055	51508	40000	10000	Doha	0	0	0
25101	74598	70000	10000	Bishkek	0	0	0
21542	47982	60000	10000	Kuwait	0	0	0
7724	102613	90000	10000	Vientiane	0	0	0
27201	35513	60000	10000	Beirut	0	0	0
1370	101707	120000	10000	Kuala-Lumpur	0	0	0
2469	73510	40000	10000	Male	0	0	0
19452	106922	100000	10000	Ulan-Bator	0	0	0
9187	96208	80000	10000	Pyinmana	0	0	0
14573	85315	90000	10000	Kathmandu	0	0	0
11760	125746	90000	10000	Pjöngjang	0	0	0
15923	58592	60000	10000	Maskat	0	0	0
20000	73094	90000	10000	Islamabad	0	0	0
4780	120972	60000	10000	Manila	0	0	0
18272	46697	40000	10000	Riad	0	0	0
545	103850	80000	10000	Singapur	0	0	0
3847	79857	70000	10000	Colombo	0	0	0
26757	36293	80000	10000	Damaskus	0	0	0
11049	126982	50000	10000	Seoul	0	0	0
23835	68773	80000	10000	Dushanbe	0	0	0
6075	100502	70000	10000	Bangkok	0	0	0
-2589	125588	40000	10000	Dili	0	0	0
32652	32856	60000	10000	Ankara	0	0	0
25641	58379	80000	10000	Ashgabat	0	0	0
25423	69248	80000	10000	Tashkent	0	0	0
17082	54370	90000	10000	Abu-Dhabi	0	0	0
8666	105837	50000	10000	Hanoi	0	0	0
28646	33373	70000	10000	Nikosia	0	0	0
36780	19819	60000	10000	Tirana	0	0	0
42147	1521	160000	10000	Andorra-la-Vella	0	0	0
45699	27576	50000	10000	Minsk	0	0	0
49603	4367	80000	10000	Bruessel	0	0	0
39371	18421	80000	10000	Sarajevo	0	0	0
37175	23323	50000	10000	Sofia	0	0	0
51788	12568	100000	10000	Kopenhagen	0	0	0
48609	13411	60000	10000	Berlin	0	0	0
51263	24754	70000	10000	Tallinn	0	0	0
51832	24938	80000	10000	Helsinki	0	0	0
48217	2351	50000	10000	Paris	0	0	0
32975	23716	50000	10000	Athen	0	0	0
51463	-126	60000	10000	London	0	0	0
51486	-6267	60000	10000	Dublin	0	0	0
56333	-21895	90000	10000	Reykjavik	0	0	0
38989	12482	30000	10000	Rom	0	0	0
41748	15978	60000	10000	Zagreb	0	0	0
49320	24104	40000	10000	Riga	0	0	0
44647	9521	50000	10000	Vaduz	0	0	0
47008	25279	70000	10000	Vilnius	0	0	0
47920	6129	90000	10000	Luxemburg	0	0	0
33008	14518	80000	10000	Valletta	0	0	0
37000	21436	60000	10000	Skopje	0	0	0
39480	28849	80000	10000	Chisinau	0	0	0
41929	7418	60000	10000	Monaco	0	0	0
37917	19259	90000	10000	Podgorica	0	0	0
50949	4891	90000	10000	Amsterdam	0	0	0
56338	10738	40000	10000	Oslo	0	0	0
43824	16372	40000	10000	Wien	0	0	0
46132	21012	80000	10000	Warschau	0	0	0
36742	-9135	80000	10000	Lissabon	0	0	0
38002	26097	80000	10000	Bukarest	0	0	0
44103	37617	60000	10000	Moskau	0	0	0
40900	12457	100000	10000	San-Marino	0	0	0
53377	18064	90000	10000	Stockholm	0	0	0
45005	7448	40000	10000	Bern	0	0	0
39706	20478	70000	10000	Belgrad	0	0	0
43616	17154	100000	10000	Bratislava	0	0	0
42339	14506	90000	10000	Ljubljana	0	0	0
39584	-3703	60000	10000	Madrid	0	0	0
46074	14420	40000	10000	Prag	0	0	0
41884	30536	40000	10000	Kiew	0	0	0
42473	19040	80000	10000	Budapest	0	0	0
-6051	149128	80000	10000	Canberra	0	0	0
-157	178441	40000	10000	Suva	0	0	0
51	172978	70000	10000	Bairiki	0	0	0
341	171366	60000	10000	Darrit	0	0	0
838	158185	110000	10000	Mikronesien	0	0	0
-39	166919	50000	10000	Yaren	0	0	0
-1198	174776	100000	10000	Wellington	0	0	0
1890	134624	80000	10000	Melekeok	0	0	0
-1724	147196	70000	10000	Moresby	0	0	0
-1050	159950	70000	10000	Honiara	0	0	0
-633	-171751	40000	10000	Apia	0	0	0
-561	-175216	100000	10000	Nuku'alofa	0	0	0
-37	179198	60000	10000	Vaiaku	0	0	0
-1151	168321	40000	10000	Vila	0	0	0
