14
-6051	149128	8000	1000	Canberra	0	0	0
-157	178441	4000	1000	Suva	0	0	0
51	172978	7000	1000	Bairiki	0	0	0
341	171366	6000	1000	Darrit	0	0	0
838	158185	11000	1000	Mikronesien	0	0	0
-39	166919	5000	1000	Yaren	0	0	0
-1198	174776	10000	1000	Wellington	0	0	0
1890	134624	8000	1000	Melekeok	0	0	0
-1724	147196	7000	1000	Moresby	0	0	0
-1050	159950	7000	1000	Honiara	0	0	0
-633	-171751	4000	1000	Apia	0	0	0
-561	-175216	10000	1000	Nuku'alofa	0	0	0
-37	179198	6000	1000	Vaiaku	0	0	0
-1151	168321	4000	1000	Vila	0	0	0
