43
36780	19819	60000	10000	Tirana	0	0	0
42147	1521	160000	10000	Andorra-la-Vella	0	0	0
45699	27576	50000	10000	Minsk	0	0	0
49603	4367	80000	10000	Bruessel	0	0	0
39371	18421	80000	10000	Sarajevo	0	0	0
37175	23323	50000	10000	Sofia	0	0	0
51788	12568	100000	10000	Kopenhagen	0	0	0
48609	13411	60000	10000	Berlin	0	0	0
51263	24754	70000	10000	Tallinn	0	0	0
51832	24938	80000	10000	Helsinki	0	0	0
48217	2351	50000	10000	Paris	0	0	0
32975	23716	50000	10000	Athen	0	0	0
51463	-126	60000	10000	London	0	0	0
51486	-6267	60000	10000	Dublin	0	0	0
56333	-21895	90000	10000	Reykjavik	0	0	0
38989	12482	30000	10000	Rom	0	0	0
41748	15978	60000	10000	Zagreb	0	0	0
49320	24104	40000	10000	Riga	0	0	0
44647	9521	50000	10000	Vaduz	0	0	0
47008	25279	70000	10000	Vilnius	0	0	0
47920	6129	90000	10000	Luxemburg	0	0	0
33008	14518	80000	10000	Valletta	0	0	0
37000	21436	60000	10000	Skopje	0	0	0
39480	28849	80000	10000	Chisinau	0	0	0
41929	7418	60000	10000	Monaco	0	0	0
37917	19259	90000	10000	Podgorica	0	0	0
50949	4891	90000	10000	Amsterdam	0	0	0
56338	10738	40000	10000	Oslo	0	0	0
43824	16372	40000	10000	Wien	0	0	0
46132	21012	80000	10000	Warschau	0	0	0
36742	-9135	80000	10000	Lissabon	0	0	0
38002	26097	80000	10000	Bukarest	0	0	0
44103	37617	60000	10000	Moskau	0	0	0
40900	12457	100000	10000	San-Marino	0	0	0
53377	18064	90000	10000	Stockholm	0	0	0
45005	7448	40000	10000	Bern	0	0	0
39706	20478	70000	10000	Belgrad	0	0	0
43616	17154	100000	10000	Bratislava	0	0	0
42339	14506	90000	10000	Ljubljana	0	0	0
39584	-3703	60000	10000	Madrid	0	0	0
46074	14420	40000	10000	Prag	0	0	0
41884	30536	40000	10000	Kiew	0	0	0
42473	19040	80000	10000	Budapest	0	0	0
