47
21246	69195	5000	1000	Kabul	0	0	0
30228	44509	6000	1000	Eriwan	0	0	0
29189	49893	4000	1000	Baku	0	0	0
18838	50535	6000	1000	Manama	0	0	0
11802	90397	5000	1000	Dhaka	0	0	0
13769	89673	7000	1000	Thimphu	0	0	0
1786	114942	19000	1000	Bandar-Seri-Begawan	0	0	0
14100	116395	6000	1000	Peking	0	0	0
31323	44793	6000	1000	Tiflis	0	0	0
16349	77225	9000	1000	Neu-Delhi	0	0	0
-2515	106806	7000	1000	Jakarta	0	0	0
25098	44392	6000	1000	Bagdad	0	0	0
25503	51435	7000	1000	Teheran	0	0	0
25569	35200	9000	1000	Jerusalem	0	0	0
7991	139682	5000	1000	Tokio	0	0	0
11583	44208	5000	1000	Sanaa	0	0	0
25562	35934	5000	1000	Amman	0	0	0
4816	104898	10000	1000	Phnom-Penh	0	0	0
30864	71447	6000	1000	Astana	0	0	0
18055	51508	4000	1000	Doha	0	0	0
25101	74598	7000	1000	Bishkek	0	0	0
21542	47982	6000	1000	Kuwait	0	0	0
7724	102613	9000	1000	Vientiane	0	0	0
27201	35513	6000	1000	Beirut	0	0	0
1370	101707	12000	1000	Kuala-Lumpur	0	0	0
2469	73510	4000	1000	Male	0	0	0
19452	106922	10000	1000	Ulan-Bator	0	0	0
9187	96208	8000	1000	Pyinmana	0	0	0
14573	85315	9000	1000	Kathmandu	0	0	0
11760	125746	9000	1000	Pjöngjang	0	0	0
15923	58592	6000	1000	Maskat	0	0	0
20000	73094	9000	1000	Islamabad	0	0	0
4780	120972	6000	1000	Manila	0	0	0
18272	46697	4000	1000	Riad	0	0	0
545	103850	8000	1000	Singapur	0	0	0
3847	79857	7000	1000	Colombo	0	0	0
26757	36293	8000	1000	Damaskus	0	0	0
11049	126982	5000	1000	Seoul	0	0	0
23835	68773	8000	1000	Dushanbe	0	0	0
6075	100502	7000	1000	Bangkok	0	0	0
-2589	125588	4000	1000	Dili	0	0	0
32652	32856	6000	1000	Ankara	0	0	0
25641	58379	8000	1000	Ashgabat	0	0	0
25423	69248	8000	1000	Tashkent	0	0	0
17082	54370	9000	1000	Abu-Dhabi	0	0	0
8666	105837	5000	1000	Hanoi	0	0	0
28646	33373	7000	1000	Nikosia	0	0	0
