35
11235	-61845	120000	10000	Saint-John's	0	0	0
-23378	-58417	120000	10000	Buenos-Aires	0	0	0
14296	-77339	60000	10000	Nassau	0	0	0
8757	-59610	100000	10000	Bridgetown	0	0	0
8744	-88771	80000	10000	Belmopan	0	0	0
-12138	-65255	50000	10000	Sucre	0	0	0
-11578	-47929	80000	10000	Brasilia	0	0	0
-20333	-70642	80000	10000	Santiago	0	0	0
5295	-84100	40000	10000	Jose	0	0	0
10079	-61390	60000	10000	Roseau	0	0	0
11304	-69890	70000	10000	Domingo	0	0	0
-129	-78524	50000	10000	Quito	0	0	0
6911	-89207	80000	10000	Salvador	0	0	0
7918	-61748	80000	10000	George's	0	0	0
7268	-90532	90000	10000	Guatemala	0	0	0
4605	-58154	100000	10000	Georgetown	0	0	0
11089	-72328	60000	10000	Prince	0	0	0
7259	-87206	110000	10000	Tegucigalpa	0	0	0
10316	-76792	80000	10000	Kingston	0	0	0
26320	-75697	60000	10000	Ottawa	0	0	0
2734	-74096	60000	10000	Bogota	0	0	0
12547	-82366	70000	10000	Havanna	0	0	0
8728	-99127	60000	10000	Mexico	0	0	0
6325	-86273	70000	10000	Managua	0	0	0
5020	-79518	60000	10000	Panama	0	0	0
-17198	-57636	80000	10000	Asuncion	0	0	0
-6916	-77046	40000	10000	Lima	0	0	0
11269	-62713	100000	10000	Basseterre	0	0	0
9253	-61001	80000	10000	Castries	0	0	0
8709	-61265	90000	10000	Kingstown	0	0	0
4038	-55167	100000	10000	Paramaribo	0	0	0
7018	-61478	50000	10000	Spain	0	0	0
-24025	-56067	100000	10000	Montevideo	0	0	0
6595	-66898	70000	10000	Caracas	0	0	0
22249	-77024	100000	10000	Washington	0	0	0
