193
24842	31227	5000	1000	Kairo	0	0	0
36150	3059	6000	1000	Algier	0	0	0
-8167	13230	6000	1000	Luanda	0	0	0
3569	8774	6000	1000	Malabo	0	0	0
7068	38757	5000	1000	Abeba	0	0	0
6382	2632	4000	1000	Novo	0	0	0
-21108	25908	8000	1000	Gaborone	0	0	0
12250	-1535	11000	1000	Ouagadougou	0	0	0
-2829	29362	9000	1000	Bujumbura	0	0	0
6606	-5272	12000	1000	Yamoussoukro	0	0	0
8804	43142	9000	1000	Dschibuti	0	0	0
12016	38918	6000	1000	Asmara	0	0	0
364	9449	10000	1000	Libreville	0	0	0
12193	-16677	6000	1000	Banjul	0	0	0
5533	-207	5000	1000	Accra	0	0	0
8812	-13678	7000	1000	Conakry	0	0	0
10832	-15587	6000	1000	Bissau	0	0	0
3613	11521	6000	1000	Jaunde	0	0	0
12969	-23515	5000	1000	Praia	0	0	0
-1015	36796	7000	1000	Nairobi	0	0	0
-8889	43241	6000	1000	Moroni	0	0	0
-3913	15266	11000	1000	Brazzaville	0	0	0
-3966	15327	8000	1000	Kinshasa	0	0	0
-24823	27485	6000	1000	Maseru	0	0	0
5931	-10804	8000	1000	Monrovia	0	0	0
30473	13189	8000	1000	Tripolis	0	0	0
-13924	47523	12000	1000	Antananarivo	0	0	0
-11364	33770	8000	1000	Lilongwe	0	0	0
12091	-7986	6000	1000	Bamako	0	0	0
32692	-6870	5000	1000	Rabat	0	0	0
16461	-15990	10000	1000	Nouakchott	0	0	0
-13724	57489	5000	1000	Louis	0	0	0
-21267	32580	6000	1000	Maputo	0	0	0
-20431	17080	7000	1000	Windhuk	0	0	0
13357	2115	6000	1000	Niamey	0	0	0
8681	7489	5000	1000	Abuja	0	0	0
-1619	30061	6000	1000	Kigali	0	0	0
-12992	28280	6000	1000	Lusaka	0	0	0
323	6731	4000	1000	Tome	0	0	0
13270	-17443	5000	1000	Dakar	0	0	0
-3194	55450	8000	1000	Victoria	0	0	0
7844	-13265	8000	1000	Freetown	0	0	0
-14747	31049	6000	1000	Harare	0	0	0
1526	45342	9000	1000	Mogadishu	0	0	0
12739	32532	8000	1000	Khartoum	0	0	0
3997	31604	4000	1000	Juba	0	0	0
-21764	31141	7000	1000	Mbabane	0	0	0
-21714	28187	8000	1000	Pretoria	0	0	0
-4942	35749	6000	1000	Dodoma	0	0	0
6080	1225	4000	1000	Lome	0	0	0
11100	15035	9000	1000	N'djamena	0	0	0
34729	10176	5000	1000	Tunis	0	0	0
256	32571	7000	1000	Kampala	0	0	0
3911	18587	6000	1000	Bangui	0	0	0
11235	-61845	12000	1000	Saint-John's	0	0	0
-23378	-58417	12000	1000	Buenos-Aires	0	0	0
14296	-77339	6000	1000	Nassau	0	0	0
8757	-59610	10000	1000	Bridgetown	0	0	0
8744	-88771	8000	1000	Belmopan	0	0	0
-12138	-65255	5000	1000	Sucre	0	0	0
-11578	-47929	8000	1000	Brasilia	0	0	0
-20333	-70642	8000	1000	Santiago	0	0	0
5295	-84100	4000	1000	Jose	0	0	0
10079	-61390	6000	1000	Roseau	0	0	0
11304	-69890	7000	1000	Domingo	0	0	0
-129	-78524	5000	1000	Quito	0	0	0
6911	-89207	8000	1000	Salvador	0	0	0
7918	-61748	8000	1000	George's	0	0	0
7268	-90532	9000	1000	Guatemala	0	0	0
4605	-58154	10000	1000	Georgetown	0	0	0
11089	-72328	6000	1000	Prince	0	0	0
7259	-87206	11000	1000	Tegucigalpa	0	0	0
10316	-76792	8000	1000	Kingston	0	0	0
26320	-75697	6000	1000	Ottawa	0	0	0
2734	-74096	6000	1000	Bogota	0	0	0
12547	-82366	7000	1000	Havanna	0	0	0
8728	-99127	6000	1000	Mexico	0	0	0
6325	-86273	7000	1000	Managua	0	0	0
5020	-79518	6000	1000	Panama	0	0	0
-17198	-57636	8000	1000	Asuncion	0	0	0
-6916	-77046	4000	1000	Lima	0	0	0
11269	-62713	10000	1000	Basseterre	0	0	0
9253	-61001	8000	1000	Castries	0	0	0
8709	-61265	9000	1000	Kingstown	0	0	0
4038	-55167	10000	1000	Paramaribo	0	0	0
7018	-61478	5000	1000	Spain	0	0	0
-24025	-56067	10000	1000	Montevideo	0	0	0
6595	-66898	7000	1000	Caracas	0	0	0
22249	-77024	10000	1000	Washington	0	0	0
21246	69195	5000	1000	Kabul	0	0	0
30228	44509	6000	1000	Eriwan	0	0	0
29189	49893	4000	1000	Baku	0	0	0
18838	50535	6000	1000	Manama	0	0	0
11802	90397	5000	1000	Dhaka	0	0	0
13769	89673	7000	1000	Thimphu	0	0	0
1786	114942	19000	1000	Bandar-Seri-Begawan	0	0	0
14100	116395	6000	1000	Peking	0	0	0
31323	44793	6000	1000	Tiflis	0	0	0
16349	77225	9000	1000	Neu-Delhi	0	0	0
-2515	106806	7000	1000	Jakarta	0	0	0
25098	44392	6000	1000	Bagdad	0	0	0
25503	51435	7000	1000	Teheran	0	0	0
25569	35200	9000	1000	Jerusalem	0	0	0
7991	139682	5000	1000	Tokio	0	0	0
11583	44208	5000	1000	Sanaa	0	0	0
25562	35934	5000	1000	Amman	0	0	0
4816	104898	10000	1000	Phnom-Penh	0	0	0
30864	71447	6000	1000	Astana	0	0	0
18055	51508	4000	1000	Doha	0	0	0
25101	74598	7000	1000	Bishkek	0	0	0
21542	47982	6000	1000	Kuwait	0	0	0
7724	102613	9000	1000	Vientiane	0	0	0
27201	35513	6000	1000	Beirut	0	0	0
1370	101707	12000	1000	Kuala-Lumpur	0	0	0
2469	73510	4000	1000	Male	0	0	0
19452	106922	10000	1000	Ulan-Bator	0	0	0
9187	96208	8000	1000	Pyinmana	0	0	0
14573	85315	9000	1000	Kathmandu	0	0	0
11760	125746	9000	1000	Pjöngjang	0	0	0
15923	58592	6000	1000	Maskat	0	0	0
20000	73094	9000	1000	Islamabad	0	0	0
4780	120972	6000	1000	Manila	0	0	0
18272	46697	4000	1000	Riad	0	0	0
545	103850	8000	1000	Singapur	0	0	0
3847	79857	7000	1000	Colombo	0	0	0
26757	36293	8000	1000	Damaskus	0	0	0
11049	126982	5000	1000	Seoul	0	0	0
23835	68773	8000	1000	Dushanbe	0	0	0
6075	100502	7000	1000	Bangkok	0	0	0
-2589	125588	4000	1000	Dili	0	0	0
32652	32856	6000	1000	Ankara	0	0	0
25641	58379	8000	1000	Ashgabat	0	0	0
25423	69248	8000	1000	Tashkent	0	0	0
17082	54370	9000	1000	Abu-Dhabi	0	0	0
8666	105837	5000	1000	Hanoi	0	0	0
28646	33373	7000	1000	Nikosia	0	0	0
36780	19819	6000	1000	Tirana	0	0	0
42147	1521	16000	1000	Andorra-la-Vella	0	0	0
45699	27576	5000	1000	Minsk	0	0	0
49603	4367	8000	1000	Bruessel	0	0	0
39371	18421	8000	1000	Sarajevo	0	0	0
37175	23323	5000	1000	Sofia	0	0	0
51788	12568	10000	1000	Kopenhagen	0	0	0
48609	13411	6000	1000	Berlin	0	0	0
51263	24754	7000	1000	Tallinn	0	0	0
51832	24938	8000	1000	Helsinki	0	0	0
48217	2351	5000	1000	Paris	0	0	0
32975	23716	5000	1000	Athen	0	0	0
51463	-126	6000	1000	London	0	0	0
51486	-6267	6000	1000	Dublin	0	0	0
56333	-21895	9000	1000	Reykjavik	0	0	0
38989	12482	3000	1000	Rom	0	0	0
41748	15978	6000	1000	Zagreb	0	0	0
49320	24104	4000	1000	Riga	0	0	0
44647	9521	5000	1000	Vaduz	0	0	0
47008	25279	7000	1000	Vilnius	0	0	0
47920	6129	9000	1000	Luxemburg	0	0	0
33008	14518	8000	1000	Valletta	0	0	0
37000	21436	6000	1000	Skopje	0	0	0
39480	28849	8000	1000	Chisinau	0	0	0
41929	7418	6000	1000	Monaco	0	0	0
37917	19259	9000	1000	Podgorica	0	0	0
50949	4891	9000	1000	Amsterdam	0	0	0
56338	10738	4000	1000	Oslo	0	0	0
43824	16372	4000	1000	Wien	0	0	0
46132	21012	8000	1000	Warschau	0	0	0
36742	-9135	8000	1000	Lissabon	0	0	0
38002	26097	8000	1000	Bukarest	0	0	0
44103	37617	6000	1000	Moskau	0	0	0
40900	12457	10000	1000	San-Marino	0	0	0
53377	18064	9000	1000	Stockholm	0	0	0
45005	7448	4000	1000	Bern	0	0	0
39706	20478	7000	1000	Belgrad	0	0	0
43616	17154	10000	1000	Bratislava	0	0	0
42339	14506	9000	1000	Ljubljana	0	0	0
39584	-3703	6000	1000	Madrid	0	0	0
46074	14420	4000	1000	Prag	0	0	0
41884	30536	4000	1000	Kiew	0	0	0
42473	19040	8000	1000	Budapest	0	0	0
-6051	149128	8000	1000	Canberra	0	0	0
-157	178441	4000	1000	Suva	0	0	0
51	172978	7000	1000	Bairiki	0	0	0
341	171366	6000	1000	Darrit	0	0	0
838	158185	11000	1000	Mikronesien	0	0	0
-39	166919	5000	1000	Yaren	0	0	0
-1198	174776	10000	1000	Wellington	0	0	0
1890	134624	8000	1000	Melekeok	0	0	0
-1724	147196	7000	1000	Moresby	0	0	0
-1050	159950	7000	1000	Honiara	0	0	0
-633	-171751	4000	1000	Apia	0	0	0
-561	-175216	10000	1000	Nuku'alofa	0	0	0
-37	179198	6000	1000	Vaiaku	0	0	0
-1151	168321	4000	1000	Vila	0	0	0
