14
-6051	149128	80000	10000	Canberra	0	0	0
-157	178441	40000	10000	Suva	0	0	0
51	172978	70000	10000	Bairiki	0	0	0
341	171366	60000	10000	Darrit	0	0	0
838	158185	110000	10000	Mikronesien	0	0	0
-39	166919	50000	10000	Yaren	0	0	0
-1198	174776	100000	10000	Wellington	0	0	0
1890	134624	80000	10000	Melekeok	0	0	0
-1724	147196	70000	10000	Moresby	0	0	0
-1050	159950	70000	10000	Honiara	0	0	0
-633	-171751	40000	10000	Apia	0	0	0
-561	-175216	100000	10000	Nuku'alofa	0	0	0
-37	179198	60000	10000	Vaiaku	0	0	0
-1151	168321	40000	10000	Vila	0	0	0
