47
21246	69195	50000	10000	Kabul	0	0	0
30228	44509	60000	10000	Eriwan	0	0	0
29189	49893	40000	10000	Baku	0	0	0
18838	50535	60000	10000	Manama	0	0	0
11802	90397	50000	10000	Dhaka	0	0	0
13769	89673	70000	10000	Thimphu	0	0	0
1786	114942	190000	10000	Bandar-Seri-Begawan	0	0	0
14100	116395	60000	10000	Peking	0	0	0
31323	44793	60000	10000	Tiflis	0	0	0
16349	77225	90000	10000	Neu-Delhi	0	0	0
-2515	106806	70000	10000	Jakarta	0	0	0
25098	44392	60000	10000	Bagdad	0	0	0
25503	51435	70000	10000	Teheran	0	0	0
25569	35200	90000	10000	Jerusalem	0	0	0
7991	139682	50000	10000	Tokio	0	0	0
11583	44208	50000	10000	Sanaa	0	0	0
25562	35934	50000	10000	Amman	0	0	0
4816	104898	100000	10000	Phnom-Penh	0	0	0
30864	71447	60000	10000	Astana	0	0	0
18055	51508	40000	10000	Doha	0	0	0
25101	74598	70000	10000	Bishkek	0	0	0
21542	47982	60000	10000	Kuwait	0	0	0
7724	102613	90000	10000	Vientiane	0	0	0
27201	35513	60000	10000	Beirut	0	0	0
1370	101707	120000	10000	Kuala-Lumpur	0	0	0
2469	73510	40000	10000	Male	0	0	0
19452	106922	100000	10000	Ulan-Bator	0	0	0
9187	96208	80000	10000	Pyinmana	0	0	0
14573	85315	90000	10000	Kathmandu	0	0	0
11760	125746	90000	10000	Pjöngjang	0	0	0
15923	58592	60000	10000	Maskat	0	0	0
20000	73094	90000	10000	Islamabad	0	0	0
4780	120972	60000	10000	Manila	0	0	0
18272	46697	40000	10000	Riad	0	0	0
545	103850	80000	10000	Singapur	0	0	0
3847	79857	70000	10000	Colombo	0	0	0
26757	36293	80000	10000	Damaskus	0	0	0
11049	126982	50000	10000	Seoul	0	0	0
23835	68773	80000	10000	Dushanbe	0	0	0
6075	100502	70000	10000	Bangkok	0	0	0
-2589	125588	40000	10000	Dili	0	0	0
32652	32856	60000	10000	Ankara	0	0	0
25641	58379	80000	10000	Ashgabat	0	0	0
25423	69248	80000	10000	Tashkent	0	0	0
17082	54370	90000	10000	Abu-Dhabi	0	0	0
8666	105837	50000	10000	Hanoi	0	0	0
28646	33373	70000	10000	Nikosia	0	0	0
