35
11235	-61845	12000	1000	Saint-John's	0	0	0
-23378	-58417	12000	1000	Buenos-Aires	0	0	0
14296	-77339	6000	1000	Nassau	0	0	0
8757	-59610	10000	1000	Bridgetown	0	0	0
8744	-88771	8000	1000	Belmopan	0	0	0
-12138	-65255	5000	1000	Sucre	0	0	0
-11578	-47929	8000	1000	Brasilia	0	0	0
-20333	-70642	8000	1000	Santiago	0	0	0
5295	-84100	4000	1000	Jose	0	0	0
10079	-61390	6000	1000	Roseau	0	0	0
11304	-69890	7000	1000	Domingo	0	0	0
-129	-78524	5000	1000	Quito	0	0	0
6911	-89207	8000	1000	Salvador	0	0	0
7918	-61748	8000	1000	George's	0	0	0
7268	-90532	9000	1000	Guatemala	0	0	0
4605	-58154	10000	1000	Georgetown	0	0	0
11089	-72328	6000	1000	Prince	0	0	0
7259	-87206	11000	1000	Tegucigalpa	0	0	0
10316	-76792	8000	1000	Kingston	0	0	0
26320	-75697	6000	1000	Ottawa	0	0	0
2734	-74096	6000	1000	Bogota	0	0	0
12547	-82366	7000	1000	Havanna	0	0	0
8728	-99127	6000	1000	Mexico	0	0	0
6325	-86273	7000	1000	Managua	0	0	0
5020	-79518	6000	1000	Panama	0	0	0
-17198	-57636	8000	1000	Asuncion	0	0	0
-6916	-77046	4000	1000	Lima	0	0	0
11269	-62713	10000	1000	Basseterre	0	0	0
9253	-61001	8000	1000	Castries	0	0	0
8709	-61265	9000	1000	Kingstown	0	0	0
4038	-55167	10000	1000	Paramaribo	0	0	0
7018	-61478	5000	1000	Spain	0	0	0
-24025	-56067	10000	1000	Montevideo	0	0	0
6595	-66898	7000	1000	Caracas	0	0	0
22249	-77024	10000	1000	Washington	0	0	0
