54
24842	31227	50000	10000	Kairo	0	0	0
36150	3059	60000	10000	Algier	0	0	0
-8167	13230	60000	10000	Luanda	0	0	0
3569	8774	60000	10000	Malabo	0	0	0
7068	38757	50000	10000	Abeba	0	0	0
6382	2632	40000	10000	Novo	0	0	0
-21108	25908	80000	10000	Gaborone	0	0	0
12250	-1535	110000	10000	Ouagadougou	0	0	0
-2829	29362	90000	10000	Bujumbura	0	0	0
6606	-5272	120000	10000	Yamoussoukro	0	0	0
8804	43142	90000	10000	Dschibuti	0	0	0
12016	38918	60000	10000	Asmara	0	0	0
364	9449	100000	10000	Libreville	0	0	0
12193	-16677	60000	10000	Banjul	0	0	0
5533	-207	50000	10000	Accra	0	0	0
8812	-13678	70000	10000	Conakry	0	0	0
10832	-15587	60000	10000	Bissau	0	0	0
3613	11521	60000	10000	Jaunde	0	0	0
12969	-23515	50000	10000	Praia	0	0	0
-1015	36796	70000	10000	Nairobi	0	0	0
-8889	43241	60000	10000	Moroni	0	0	0
-3913	15266	110000	10000	Brazzaville	0	0	0
-3966	15327	80000	10000	Kinshasa	0	0	0
-24823	27485	60000	10000	Maseru	0	0	0
5931	-10804	80000	10000	Monrovia	0	0	0
30473	13189	80000	10000	Tripolis	0	0	0
-13924	47523	120000	10000	Antananarivo	0	0	0
-11364	33770	80000	10000	Lilongwe	0	0	0
12091	-7986	60000	10000	Bamako	0	0	0
32692	-6870	50000	10000	Rabat	0	0	0
16461	-15990	100000	10000	Nouakchott	0	0	0
-13724	57489	50000	10000	Louis	0	0	0
-21267	32580	60000	10000	Maputo	0	0	0
-20431	17080	70000	10000	Windhuk	0	0	0
13357	2115	60000	10000	Niamey	0	0	0
8681	7489	50000	10000	Abuja	0	0	0
-1619	30061	60000	10000	Kigali	0	0	0
-12992	28280	60000	10000	Lusaka	0	0	0
323	6731	40000	10000	Tome	0	0	0
13270	-17443	50000	10000	Dakar	0	0	0
-3194	55450	80000	10000	Victoria	0	0	0
7844	-13265	80000	10000	Freetown	0	0	0
-14747	31049	60000	10000	Harare	0	0	0
1526	45342	90000	10000	Mogadishu	0	0	0
12739	32532	80000	10000	Khartoum	0	0	0
3997	31604	40000	10000	Juba	0	0	0
-21764	31141	70000	10000	Mbabane	0	0	0
-21714	28187	80000	10000	Pretoria	0	0	0
-4942	35749	60000	10000	Dodoma	0	0	0
6080	1225	40000	10000	Lome	0	0	0
11100	15035	90000	10000	N'djamena	0	0	0
34729	10176	50000	10000	Tunis	0	0	0
256	32571	70000	10000	Kampala	0	0	0
3911	18587	60000	10000	Bangui	0	0	0
