54
24842	31227	5000	1000	Kairo	0	0	0
36150	3059	6000	1000	Algier	0	0	0
-8167	13230	6000	1000	Luanda	0	0	0
3569	8774	6000	1000	Malabo	0	0	0
7068	38757	5000	1000	Abeba	0	0	0
6382	2632	4000	1000	Novo	0	0	0
-21108	25908	8000	1000	Gaborone	0	0	0
12250	-1535	11000	1000	Ouagadougou	0	0	0
-2829	29362	9000	1000	Bujumbura	0	0	0
6606	-5272	12000	1000	Yamoussoukro	0	0	0
8804	43142	9000	1000	Dschibuti	0	0	0
12016	38918	6000	1000	Asmara	0	0	0
364	9449	10000	1000	Libreville	0	0	0
12193	-16677	6000	1000	Banjul	0	0	0
5533	-207	5000	1000	Accra	0	0	0
8812	-13678	7000	1000	Conakry	0	0	0
10832	-15587	6000	1000	Bissau	0	0	0
3613	11521	6000	1000	Jaunde	0	0	0
12969	-23515	5000	1000	Praia	0	0	0
-1015	36796	7000	1000	Nairobi	0	0	0
-8889	43241	6000	1000	Moroni	0	0	0
-3913	15266	11000	1000	Brazzaville	0	0	0
-3966	15327	8000	1000	Kinshasa	0	0	0
-24823	27485	6000	1000	Maseru	0	0	0
5931	-10804	8000	1000	Monrovia	0	0	0
30473	13189	8000	1000	Tripolis	0	0	0
-13924	47523	12000	1000	Antananarivo	0	0	0
-11364	33770	8000	1000	Lilongwe	0	0	0
12091	-7986	6000	1000	Bamako	0	0	0
32692	-6870	5000	1000	Rabat	0	0	0
16461	-15990	10000	1000	Nouakchott	0	0	0
-13724	57489	5000	1000	Louis	0	0	0
-21267	32580	6000	1000	Maputo	0	0	0
-20431	17080	7000	1000	Windhuk	0	0	0
13357	2115	6000	1000	Niamey	0	0	0
8681	7489	5000	1000	Abuja	0	0	0
-1619	30061	6000	1000	Kigali	0	0	0
-12992	28280	6000	1000	Lusaka	0	0	0
323	6731	4000	1000	Tome	0	0	0
13270	-17443	5000	1000	Dakar	0	0	0
-3194	55450	8000	1000	Victoria	0	0	0
7844	-13265	8000	1000	Freetown	0	0	0
-14747	31049	6000	1000	Harare	0	0	0
1526	45342	9000	1000	Mogadishu	0	0	0
12739	32532	8000	1000	Khartoum	0	0	0
3997	31604	4000	1000	Juba	0	0	0
-21764	31141	7000	1000	Mbabane	0	0	0
-21714	28187	8000	1000	Pretoria	0	0	0
-4942	35749	6000	1000	Dodoma	0	0	0
6080	1225	4000	1000	Lome	0	0	0
11100	15035	9000	1000	N'djamena	0	0	0
34729	10176	5000	1000	Tunis	0	0	0
256	32571	7000	1000	Kampala	0	0	0
3911	18587	6000	1000	Bangui	0	0	0
