35
11235	-61845	60000	5000	Saint-John's	0	0	0
-23378	-58417	60000	5000	Buenos-Aires	0	0	0
14296	-77339	30000	5000	Nassau	0	0	0
8757	-59610	50000	5000	Bridgetown	0	0	0
8744	-88771	40000	5000	Belmopan	0	0	0
-12138	-65255	25000	5000	Sucre	0	0	0
-11578	-47929	40000	5000	Brasilia	0	0	0
-20333	-70642	40000	5000	Santiago	0	0	0
5295	-84100	20000	5000	Jose	0	0	0
10079	-61390	30000	5000	Roseau	0	0	0
11304	-69890	35000	5000	Domingo	0	0	0
-129	-78524	25000	5000	Quito	0	0	0
6911	-89207	40000	5000	Salvador	0	0	0
7918	-61748	40000	5000	George's	0	0	0
7268	-90532	45000	5000	Guatemala	0	0	0
4605	-58154	50000	5000	Georgetown	0	0	0
11089	-72328	30000	5000	Prince	0	0	0
7259	-87206	55000	5000	Tegucigalpa	0	0	0
10316	-76792	40000	5000	Kingston	0	0	0
26320	-75697	30000	5000	Ottawa	0	0	0
2734	-74096	30000	5000	Bogota	0	0	0
12547	-82366	35000	5000	Havanna	0	0	0
8728	-99127	30000	5000	Mexico	0	0	0
6325	-86273	35000	5000	Managua	0	0	0
5020	-79518	30000	5000	Panama	0	0	0
-17198	-57636	40000	5000	Asuncion	0	0	0
-6916	-77046	20000	5000	Lima	0	0	0
11269	-62713	50000	5000	Basseterre	0	0	0
9253	-61001	40000	5000	Castries	0	0	0
8709	-61265	45000	5000	Kingstown	0	0	0
4038	-55167	50000	5000	Paramaribo	0	0	0
7018	-61478	25000	5000	Spain	0	0	0
-24025	-56067	50000	5000	Montevideo	0	0	0
6595	-66898	35000	5000	Caracas	0	0	0
22249	-77024	50000	5000	Washington	0	0	0
