54
24842	31227	25000	5000	Kairo	0	0	0
36150	3059	30000	5000	Algier	0	0	0
-8167	13230	30000	5000	Luanda	0	0	0
3569	8774	30000	5000	Malabo	0	0	0
7068	38757	25000	5000	Abeba	0	0	0
6382	2632	20000	5000	Novo	0	0	0
-21108	25908	40000	5000	Gaborone	0	0	0
12250	-1535	55000	5000	Ouagadougou	0	0	0
-2829	29362	45000	5000	Bujumbura	0	0	0
6606	-5272	60000	5000	Yamoussoukro	0	0	0
8804	43142	45000	5000	Dschibuti	0	0	0
12016	38918	30000	5000	Asmara	0	0	0
364	9449	50000	5000	Libreville	0	0	0
12193	-16677	30000	5000	Banjul	0	0	0
5533	-207	25000	5000	Accra	0	0	0
8812	-13678	35000	5000	Conakry	0	0	0
10832	-15587	30000	5000	Bissau	0	0	0
3613	11521	30000	5000	Jaunde	0	0	0
12969	-23515	25000	5000	Praia	0	0	0
-1015	36796	35000	5000	Nairobi	0	0	0
-8889	43241	30000	5000	Moroni	0	0	0
-3913	15266	55000	5000	Brazzaville	0	0	0
-3966	15327	40000	5000	Kinshasa	0	0	0
-24823	27485	30000	5000	Maseru	0	0	0
5931	-10804	40000	5000	Monrovia	0	0	0
30473	13189	40000	5000	Tripolis	0	0	0
-13924	47523	60000	5000	Antananarivo	0	0	0
-11364	33770	40000	5000	Lilongwe	0	0	0
12091	-7986	30000	5000	Bamako	0	0	0
32692	-6870	25000	5000	Rabat	0	0	0
16461	-15990	50000	5000	Nouakchott	0	0	0
-13724	57489	25000	5000	Louis	0	0	0
-21267	32580	30000	5000	Maputo	0	0	0
-20431	17080	35000	5000	Windhuk	0	0	0
13357	2115	30000	5000	Niamey	0	0	0
8681	7489	25000	5000	Abuja	0	0	0
-1619	30061	30000	5000	Kigali	0	0	0
-12992	28280	30000	5000	Lusaka	0	0	0
323	6731	20000	5000	Tome	0	0	0
13270	-17443	25000	5000	Dakar	0	0	0
-3194	55450	40000	5000	Victoria	0	0	0
7844	-13265	40000	5000	Freetown	0	0	0
-14747	31049	30000	5000	Harare	0	0	0
1526	45342	45000	5000	Mogadishu	0	0	0
12739	32532	40000	5000	Khartoum	0	0	0
3997	31604	20000	5000	Juba	0	0	0
-21764	31141	35000	5000	Mbabane	0	0	0
-21714	28187	40000	5000	Pretoria	0	0	0
-4942	35749	30000	5000	Dodoma	0	0	0
6080	1225	20000	5000	Lome	0	0	0
11100	15035	45000	5000	N'djamena	0	0	0
34729	10176	25000	5000	Tunis	0	0	0
256	32571	35000	5000	Kampala	0	0	0
3911	18587	30000	5000	Bangui	0	0	0
