193
24842	31227	25000	5000	Kairo	0	0	0
36150	3059	30000	5000	Algier	0	0	0
-8167	13230	30000	5000	Luanda	0	0	0
3569	8774	30000	5000	Malabo	0	0	0
7068	38757	25000	5000	Abeba	0	0	0
6382	2632	20000	5000	Novo	0	0	0
-21108	25908	40000	5000	Gaborone	0	0	0
12250	-1535	55000	5000	Ouagadougou	0	0	0
-2829	29362	45000	5000	Bujumbura	0	0	0
6606	-5272	60000	5000	Yamoussoukro	0	0	0
8804	43142	45000	5000	Dschibuti	0	0	0
12016	38918	30000	5000	Asmara	0	0	0
364	9449	50000	5000	Libreville	0	0	0
12193	-16677	30000	5000	Banjul	0	0	0
5533	-207	25000	5000	Accra	0	0	0
8812	-13678	35000	5000	Conakry	0	0	0
10832	-15587	30000	5000	Bissau	0	0	0
3613	11521	30000	5000	Jaunde	0	0	0
12969	-23515	25000	5000	Praia	0	0	0
-1015	36796	35000	5000	Nairobi	0	0	0
-8889	43241	30000	5000	Moroni	0	0	0
-3913	15266	55000	5000	Brazzaville	0	0	0
-3966	15327	40000	5000	Kinshasa	0	0	0
-24823	27485	30000	5000	Maseru	0	0	0
5931	-10804	40000	5000	Monrovia	0	0	0
30473	13189	40000	5000	Tripolis	0	0	0
-13924	47523	60000	5000	Antananarivo	0	0	0
-11364	33770	40000	5000	Lilongwe	0	0	0
12091	-7986	30000	5000	Bamako	0	0	0
32692	-6870	25000	5000	Rabat	0	0	0
16461	-15990	50000	5000	Nouakchott	0	0	0
-13724	57489	25000	5000	Louis	0	0	0
-21267	32580	30000	5000	Maputo	0	0	0
-20431	17080	35000	5000	Windhuk	0	0	0
13357	2115	30000	5000	Niamey	0	0	0
8681	7489	25000	5000	Abuja	0	0	0
-1619	30061	30000	5000	Kigali	0	0	0
-12992	28280	30000	5000	Lusaka	0	0	0
323	6731	20000	5000	Tome	0	0	0
13270	-17443	25000	5000	Dakar	0	0	0
-3194	55450	40000	5000	Victoria	0	0	0
7844	-13265	40000	5000	Freetown	0	0	0
-14747	31049	30000	5000	Harare	0	0	0
1526	45342	45000	5000	Mogadishu	0	0	0
12739	32532	40000	5000	Khartoum	0	0	0
3997	31604	20000	5000	Juba	0	0	0
-21764	31141	35000	5000	Mbabane	0	0	0
-21714	28187	40000	5000	Pretoria	0	0	0
-4942	35749	30000	5000	Dodoma	0	0	0
6080	1225	20000	5000	Lome	0	0	0
11100	15035	45000	5000	N'djamena	0	0	0
34729	10176	25000	5000	Tunis	0	0	0
256	32571	35000	5000	Kampala	0	0	0
3911	18587	30000	5000	Bangui	0	0	0
11235	-61845	60000	5000	Saint-John's	0	0	0
-23378	-58417	60000	5000	Buenos-Aires	0	0	0
14296	-77339	30000	5000	Nassau	0	0	0
8757	-59610	50000	5000	Bridgetown	0	0	0
8744	-88771	40000	5000	Belmopan	0	0	0
-12138	-65255	25000	5000	Sucre	0	0	0
-11578	-47929	40000	5000	Brasilia	0	0	0
-20333	-70642	40000	5000	Santiago	0	0	0
5295	-84100	20000	5000	Jose	0	0	0
10079	-61390	30000	5000	Roseau	0	0	0
11304	-69890	35000	5000	Domingo	0	0	0
-129	-78524	25000	5000	Quito	0	0	0
6911	-89207	40000	5000	Salvador	0	0	0
7918	-61748	40000	5000	George's	0	0	0
7268	-90532	45000	5000	Guatemala	0	0	0
4605	-58154	50000	5000	Georgetown	0	0	0
11089	-72328	30000	5000	Prince	0	0	0
7259	-87206	55000	5000	Tegucigalpa	0	0	0
10316	-76792	40000	5000	Kingston	0	0	0
26320	-75697	30000	5000	Ottawa	0	0	0
2734	-74096	30000	5000	Bogota	0	0	0
12547	-82366	35000	5000	Havanna	0	0	0
8728	-99127	30000	5000	Mexico	0	0	0
6325	-86273	35000	5000	Managua	0	0	0
5020	-79518	30000	5000	Panama	0	0	0
-17198	-57636	40000	5000	Asuncion	0	0	0
-6916	-77046	20000	5000	Lima	0	0	0
11269	-62713	50000	5000	Basseterre	0	0	0
9253	-61001	40000	5000	Castries	0	0	0
8709	-61265	45000	5000	Kingstown	0	0	0
4038	-55167	50000	5000	Paramaribo	0	0	0
7018	-61478	25000	5000	Spain	0	0	0
-24025	-56067	50000	5000	Montevideo	0	0	0
6595	-66898	35000	5000	Caracas	0	0	0
22249	-77024	50000	5000	Washington	0	0	0
21246	69195	25000	5000	Kabul	0	0	0
30228	44509	30000	5000	Eriwan	0	0	0
29189	49893	20000	5000	Baku	0	0	0
18838	50535	30000	5000	Manama	0	0	0
11802	90397	25000	5000	Dhaka	0	0	0
13769	89673	35000	5000	Thimphu	0	0	0
1786	114942	95000	5000	Bandar-Seri-Begawan	0	0	0
14100	116395	30000	5000	Peking	0	0	0
31323	44793	30000	5000	Tiflis	0	0	0
16349	77225	45000	5000	Neu-Delhi	0	0	0
-2515	106806	35000	5000	Jakarta	0	0	0
25098	44392	30000	5000	Bagdad	0	0	0
25503	51435	35000	5000	Teheran	0	0	0
25569	35200	45000	5000	Jerusalem	0	0	0
7991	139682	25000	5000	Tokio	0	0	0
11583	44208	25000	5000	Sanaa	0	0	0
25562	35934	25000	5000	Amman	0	0	0
4816	104898	50000	5000	Phnom-Penh	0	0	0
30864	71447	30000	5000	Astana	0	0	0
18055	51508	20000	5000	Doha	0	0	0
25101	74598	35000	5000	Bishkek	0	0	0
21542	47982	30000	5000	Kuwait	0	0	0
7724	102613	45000	5000	Vientiane	0	0	0
27201	35513	30000	5000	Beirut	0	0	0
1370	101707	60000	5000	Kuala-Lumpur	0	0	0
2469	73510	20000	5000	Male	0	0	0
19452	106922	50000	5000	Ulan-Bator	0	0	0
9187	96208	40000	5000	Pyinmana	0	0	0
14573	85315	45000	5000	Kathmandu	0	0	0
11760	125746	45000	5000	Pjöngjang	0	0	0
15923	58592	30000	5000	Maskat	0	0	0
20000	73094	45000	5000	Islamabad	0	0	0
4780	120972	30000	5000	Manila	0	0	0
18272	46697	20000	5000	Riad	0	0	0
545	103850	40000	5000	Singapur	0	0	0
3847	79857	35000	5000	Colombo	0	0	0
26757	36293	40000	5000	Damaskus	0	0	0
11049	126982	25000	5000	Seoul	0	0	0
23835	68773	40000	5000	Dushanbe	0	0	0
6075	100502	35000	5000	Bangkok	0	0	0
-2589	125588	20000	5000	Dili	0	0	0
32652	32856	30000	5000	Ankara	0	0	0
25641	58379	40000	5000	Ashgabat	0	0	0
25423	69248	40000	5000	Tashkent	0	0	0
17082	54370	45000	5000	Abu-Dhabi	0	0	0
8666	105837	25000	5000	Hanoi	0	0	0
28646	33373	35000	5000	Nikosia	0	0	0
36780	19819	30000	5000	Tirana	0	0	0
42147	1521	80000	5000	Andorra-la-Vella	0	0	0
45699	27576	25000	5000	Minsk	0	0	0
49603	4367	40000	5000	Bruessel	0	0	0
39371	18421	40000	5000	Sarajevo	0	0	0
37175	23323	25000	5000	Sofia	0	0	0
51788	12568	50000	5000	Kopenhagen	0	0	0
48609	13411	30000	5000	Berlin	0	0	0
51263	24754	35000	5000	Tallinn	0	0	0
51832	24938	40000	5000	Helsinki	0	0	0
48217	2351	25000	5000	Paris	0	0	0
32975	23716	25000	5000	Athen	0	0	0
51463	-126	30000	5000	London	0	0	0
51486	-6267	30000	5000	Dublin	0	0	0
56333	-21895	45000	5000	Reykjavik	0	0	0
38989	12482	15000	5000	Rom	0	0	0
41748	15978	30000	5000	Zagreb	0	0	0
49320	24104	20000	5000	Riga	0	0	0
44647	9521	25000	5000	Vaduz	0	0	0
47008	25279	35000	5000	Vilnius	0	0	0
47920	6129	45000	5000	Luxemburg	0	0	0
33008	14518	40000	5000	Valletta	0	0	0
37000	21436	30000	5000	Skopje	0	0	0
39480	28849	40000	5000	Chisinau	0	0	0
41929	7418	30000	5000	Monaco	0	0	0
37917	19259	45000	5000	Podgorica	0	0	0
50949	4891	45000	5000	Amsterdam	0	0	0
56338	10738	20000	5000	Oslo	0	0	0
43824	16372	20000	5000	Wien	0	0	0
46132	21012	40000	5000	Warschau	0	0	0
36742	-9135	40000	5000	Lissabon	0	0	0
38002	26097	40000	5000	Bukarest	0	0	0
44103	37617	30000	5000	Moskau	0	0	0
40900	12457	50000	5000	San-Marino	0	0	0
53377	18064	45000	5000	Stockholm	0	0	0
45005	7448	20000	5000	Bern	0	0	0
39706	20478	35000	5000	Belgrad	0	0	0
43616	17154	50000	5000	Bratislava	0	0	0
42339	14506	45000	5000	Ljubljana	0	0	0
39584	-3703	30000	5000	Madrid	0	0	0
46074	14420	20000	5000	Prag	0	0	0
41884	30536	20000	5000	Kiew	0	0	0
42473	19040	40000	5000	Budapest	0	0	0
-6051	149128	40000	5000	Canberra	0	0	0
-157	178441	20000	5000	Suva	0	0	0
51	172978	35000	5000	Bairiki	0	0	0
341	171366	30000	5000	Darrit	0	0	0
838	158185	55000	5000	Mikronesien	0	0	0
-39	166919	25000	5000	Yaren	0	0	0
-1198	174776	50000	5000	Wellington	0	0	0
1890	134624	40000	5000	Melekeok	0	0	0
-1724	147196	35000	5000	Moresby	0	0	0
-1050	159950	35000	5000	Honiara	0	0	0
-633	-171751	20000	5000	Apia	0	0	0
-561	-175216	50000	5000	Nuku'alofa	0	0	0
-37	179198	30000	5000	Vaiaku	0	0	0
-1151	168321	20000	5000	Vila	0	0	0
