47
21246	69195	25000	5000	Kabul	0	0	0
30228	44509	30000	5000	Eriwan	0	0	0
29189	49893	20000	5000	Baku	0	0	0
18838	50535	30000	5000	Manama	0	0	0
11802	90397	25000	5000	Dhaka	0	0	0
13769	89673	35000	5000	Thimphu	0	0	0
1786	114942	95000	5000	Bandar-Seri-Begawan	0	0	0
14100	116395	30000	5000	Peking	0	0	0
31323	44793	30000	5000	Tiflis	0	0	0
16349	77225	45000	5000	Neu-Delhi	0	0	0
-2515	106806	35000	5000	Jakarta	0	0	0
25098	44392	30000	5000	Bagdad	0	0	0
25503	51435	35000	5000	Teheran	0	0	0
25569	35200	45000	5000	Jerusalem	0	0	0
7991	139682	25000	5000	Tokio	0	0	0
11583	44208	25000	5000	Sanaa	0	0	0
25562	35934	25000	5000	Amman	0	0	0
4816	104898	50000	5000	Phnom-Penh	0	0	0
30864	71447	30000	5000	Astana	0	0	0
18055	51508	20000	5000	Doha	0	0	0
25101	74598	35000	5000	Bishkek	0	0	0
21542	47982	30000	5000	Kuwait	0	0	0
7724	102613	45000	5000	Vientiane	0	0	0
27201	35513	30000	5000	Beirut	0	0	0
1370	101707	60000	5000	Kuala-Lumpur	0	0	0
2469	73510	20000	5000	Male	0	0	0
19452	106922	50000	5000	Ulan-Bator	0	0	0
9187	96208	40000	5000	Pyinmana	0	0	0
14573	85315	45000	5000	Kathmandu	0	0	0
11760	125746	45000	5000	Pjöngjang	0	0	0
15923	58592	30000	5000	Maskat	0	0	0
20000	73094	45000	5000	Islamabad	0	0	0
4780	120972	30000	5000	Manila	0	0	0
18272	46697	20000	5000	Riad	0	0	0
545	103850	40000	5000	Singapur	0	0	0
3847	79857	35000	5000	Colombo	0	0	0
26757	36293	40000	5000	Damaskus	0	0	0
11049	126982	25000	5000	Seoul	0	0	0
23835	68773	40000	5000	Dushanbe	0	0	0
6075	100502	35000	5000	Bangkok	0	0	0
-2589	125588	20000	5000	Dili	0	0	0
32652	32856	30000	5000	Ankara	0	0	0
25641	58379	40000	5000	Ashgabat	0	0	0
25423	69248	40000	5000	Tashkent	0	0	0
17082	54370	45000	5000	Abu-Dhabi	0	0	0
8666	105837	25000	5000	Hanoi	0	0	0
28646	33373	35000	5000	Nikosia	0	0	0
