4
-6051	149128	40000	5000	Canberra	0	0	0
-157	178441	20000	5000	Suva	0	0	0
51	172978	35000	5000	Bairiki	0	0	0
341	171366	30000	5000	Darrit	0	0	0
838	158185	55000	5000	Mikronesien	0	0	0
-39	166919	25000	5000	Yaren	0	0	0
-1198	174776	50000	5000	Wellington	0	0	0
1890	134624	40000	5000	Melekeok	0	0	0
-1724	147196	35000	5000	Moresby	0	0	0
-1050	159950	35000	5000	Honiara	0	0	0
-633	-171751	20000	5000	Apia	0	0	0
-561	-175216	50000	5000	Nuku'alofa	0	0	0
-37	179198	30000	5000	Vaiaku	0	0	0
-1151	168321	20000	5000	Vila	0	0	0
