43
36780	19819	30000	5000	Tirana	0	0	0
42147	1521	80000	5000	Andorra-la-Vella	0	0	0
45699	27576	25000	5000	Minsk	0	0	0
49603	4367	40000	5000	Bruessel	0	0	0
39371	18421	40000	5000	Sarajevo	0	0	0
37175	23323	25000	5000	Sofia	0	0	0
51788	12568	50000	5000	Kopenhagen	0	0	0
48609	13411	30000	5000	Berlin	0	0	0
51263	24754	35000	5000	Tallinn	0	0	0
51832	24938	40000	5000	Helsinki	0	0	0
48217	2351	25000	5000	Paris	0	0	0
32975	23716	25000	5000	Athen	0	0	0
51463	-126	30000	5000	London	0	0	0
51486	-6267	30000	5000	Dublin	0	0	0
56333	-21895	45000	5000	Reykjavik	0	0	0
38989	12482	15000	5000	Rom	0	0	0
41748	15978	30000	5000	Zagreb	0	0	0
49320	24104	20000	5000	Riga	0	0	0
44647	9521	25000	5000	Vaduz	0	0	0
47008	25279	35000	5000	Vilnius	0	0	0
47920	6129	45000	5000	Luxemburg	0	0	0
33008	14518	40000	5000	Valletta	0	0	0
37000	21436	30000	5000	Skopje	0	0	0
39480	28849	40000	5000	Chisinau	0	0	0
41929	7418	30000	5000	Monaco	0	0	0
37917	19259	45000	5000	Podgorica	0	0	0
50949	4891	45000	5000	Amsterdam	0	0	0
56338	10738	20000	5000	Oslo	0	0	0
43824	16372	20000	5000	Wien	0	0	0
46132	21012	40000	5000	Warschau	0	0	0
36742	-9135	40000	5000	Lissabon	0	0	0
38002	26097	40000	5000	Bukarest	0	0	0
44103	37617	30000	5000	Moskau	0	0	0
40900	12457	50000	5000	San-Marino	0	0	0
53377	18064	45000	5000	Stockholm	0	0	0
45005	7448	20000	5000	Bern	0	0	0
39706	20478	35000	5000	Belgrad	0	0	0
43616	17154	50000	5000	Bratislava	0	0	0
42339	14506	45000	5000	Ljubljana	0	0	0
39584	-3703	30000	5000	Madrid	0	0	0
46074	14420	20000	5000	Prag	0	0	0
41884	30536	20000	5000	Kiew	0	0	0
42473	19040	40000	5000	Budapest	0	0	0
