1930
0 0 3 2 TNSqngZ 1 0 2
0 0 5 2 YdI9V6P 1 -5 2
0 0 6 2 9QDao4I 1 -6 2
0 0 4 1 wC7KeUk 1 -48 -32
0 0 1 1 Q3BvZoB 1 -49 -34
0 0 2 3 F4MtDn5 1 -52 7
0 0 4 2 73HTyTa 1 -4 2
0 0 6 1 23ZGTaR 1 -6 1
-50 -27 3 2 TNSqngZ 1 -50 -38
-50 -32 5 2 YdI9V6P 1 -55 -30
-49 -27 6 2 9QDao4I 1 -55 -25
-49 -32 4 1 wC7KeUk 1 -51 -39
-50 -27 1 1 Q3BvZoB 1 -48 -38
-48 -32 2 3 F4MtDn5 1 -48 -44
-50 -28 4 2 73HTyTa 1 -52 -5
-48 -33 6 1 23ZGTaR 1 -47 -4
-50 -29 2 1 DXoXnss 1 -46 -44
-48 -34 3 2 fhqEpsV 1 -51 -32
-50 -30 2 2 xo64o7c 1 -49 -49
-48 -35 1 3 CTvKhR8 1 -47 -9
-50 -31 6 3 y4q1jWp 1 -56 -28
-48 -36 2 1 hRZVOLa 1 -47 50
-50 7 3 2 TNSqngZ 1 -50 46
-50 6 5 2 YdI9V6P 1 -45 40
-49 7 6 2 9QDao4I 1 -52 40
-49 6 4 1 wC7KeUk 1 -45 44
-49 -33 3 2 TNSqngZ 1 -52 -31
-49 -38 5 2 YdI9V6P 1 -46 42
-48 -33 6 2 9QDao4I 1 -54 -31
-48 -38 4 1 wC7KeUk 1 -48 37
-49 -33 1 1 Q3BvZoB 1 -46 36
-47 -38 2 3 F4MtDn5 1 -49 -35
-49 -34 4 2 73HTyTa 1 -48 -29
-47 -39 6 1 23ZGTaR 1 -43 -28
-49 -35 2 1 DXoXnss 1 -51 -34
-47 -40 3 2 fhqEpsV 1 -50 -38
-49 -36 2 2 xo64o7c 1 -46 27
-47 -41 1 3 CTvKhR8 1 -43 -35
-49 -37 6 3 y4q1jWp 1 -55 -34
-47 -42 2 1 hRZVOLa 1 -43 26
-49 1 3 2 TNSqngZ 1 -43 25
-49 0 5 2 YdI9V6P 1 -47 -41
-48 1 6 2 9QDao4I 1 -54 3
-48 0 4 1 wC7KeUk 1 -44 15
-48 -39 3 2 TNSqngZ 1 -51 -37
-48 -44 5 2 YdI9V6P 1 -53 -42
-47 -39 6 2 9QDao4I 1 -53 -37
-47 -44 4 1 wC7KeUk 1 -44 13
-48 -39 1 1 Q3BvZoB 1 -41 14
-46 -44 2 3 F4MtDn5 1 -48 -41
-48 -40 4 2 73HTyTa 1 -45 47
-46 -45 6 1 23ZGTaR 1 -46 7
-48 -41 2 1 DXoXnss 1 -39 8
-46 -46 3 2 fhqEpsV 1 -40 8
-48 -42 2 2 xo64o7c 1 -42 3
-46 -47 1 3 CTvKhR8 1 -40 41
-48 -43 6 3 y4q1jWp 1 -54 -40
-46 -48 2 1 hRZVOLa 1 -39 2
-48 -5 3 2 TNSqngZ 1 -39 1
-48 -6 5 2 YdI9V6P 1 -44 35
-47 -5 6 2 9QDao4I 1 -53 -3
-47 -6 4 1 wC7KeUk 1 -37 -10
-47 -45 3 2 TNSqngZ 1 -50 -43
-47 -50 5 2 YdI9V6P 1 -52 -48
-46 -45 6 2 9QDao4I 1 -52 -43
-46 -50 4 1 wC7KeUk 1 -40 -11
-47 -45 1 1 Q3BvZoB 1 -37 -10
-45 -50 2 3 F4MtDn5 1 -47 -47
-47 -46 4 2 73HTyTa 1 -41 23
-45 -51 6 1 23ZGTaR 1 -36 24
-47 -47 2 1 DXoXnss 1 -35 -16
-45 -52 3 2 fhqEpsV 1 -39 -19
-47 -48 2 2 xo64o7c 1 -38 -21
-45 -53 1 3 CTvKhR8 1 -36 16
-47 -49 6 3 y4q1jWp 1 -53 -46
-45 -54 2 1 hRZVOLa 1 -37 -24
-47 -11 3 2 TNSqngZ 1 -36 -29
-47 -12 5 2 YdI9V6P 1 -35 -25
-46 -11 6 2 9QDao4I 1 -52 -9
-46 -12 4 1 wC7KeUk 1 -33 -34
-47 49 3 2 TNSqngZ 1 -32 -35
-47 44 5 2 YdI9V6P 1 -52 46
-46 49 6 2 9QDao4I 1 -34 7
-46 44 4 1 wC7KeUk 1 -36 -35
-47 49 1 1 Q3BvZoB 1 -33 -34
-45 44 2 3 F4MtDn5 1 -33 -40
-47 48 4 2 73HTyTa 1 -37 0
-45 43 6 1 23ZGTaR 1 -32 0
-47 47 2 1 DXoXnss 1 -32 -45
-45 42 3 2 fhqEpsV 1 -48 44
-47 46 2 2 xo64o7c 1 -34 -45
-45 41 1 3 CTvKhR8 1 -32 -8
-47 45 6 3 y4q1jWp 1 -53 48
-45 40 2 1 hRZVOLa 1 -31 -52
-46 -17 3 2 TNSqngZ 1 -31 -47
-46 -18 5 2 YdI9V6P 1 -36 -13
-45 -17 6 2 9QDao4I 1 -30 -14
-45 -18 4 1 wC7KeUk 1 -33 43
-46 43 3 2 TNSqngZ 1 -34 45
-46 38 5 2 YdI9V6P 1 -51 40
-45 43 6 2 9QDao4I 1 -51 45
-45 38 4 1 wC7KeUk 1 -33 41
-46 43 1 1 Q3BvZoB 1 -30 42
-44 38 2 3 F4MtDn5 1 -30 42
-46 42 4 2 73HTyTa 1 -50 44
-44 37 6 1 23ZGTaR 1 -28 -24
-46 41 2 1 DXoXnss 1 -28 36
-44 36 3 2 fhqEpsV 1 -47 38
-46 40 2 2 xo64o7c 1 -31 31
-44 35 1 3 CTvKhR8 1 -28 -31
-46 39 6 3 y4q1jWp 1 -52 42
-44 34 2 1 hRZVOLa 1 -26 24
-45 -23 3 2 TNSqngZ 1 -29 23
-45 -24 5 2 YdI9V6P 1 -26 20
-44 -23 6 2 9QDao4I 1 -26 -35
-44 -24 4 1 wC7KeUk 1 -26 24
-45 37 3 2 TNSqngZ 1 -30 21
-45 32 5 2 YdI9V6P 1 -50 34
-44 37 6 2 9QDao4I 1 -50 39
-44 32 4 1 wC7KeUk 1 -29 17
-45 37 1 1 Q3BvZoB 1 -26 18
-43 32 2 3 F4MtDn5 1 -45 35
-45 36 4 2 73HTyTa 1 -49 38
-43 31 6 1 23ZGTaR 1 -24 -48
-45 35 2 1 DXoXnss 1 -27 11
-43 30 3 2 fhqEpsV 1 -46 32
-45 34 2 2 xo64o7c 1 -27 7
-43 29 1 3 CTvKhR8 1 -44 32
-45 33 6 3 y4q1jWp 1 -51 36
-43 28 2 1 hRZVOLa 1 -24 6
-44 -29 3 2 TNSqngZ 1 -27 2
-44 -30 5 2 YdI9V6P 1 -22 -4
-43 -29 6 2 9QDao4I 1 -49 -27
-43 -30 4 1 wC7KeUk 1 -22 0
-44 31 3 2 TNSqngZ 1 -47 33
-44 26 5 2 YdI9V6P 1 -23 -2
-43 31 6 2 9QDao4I 1 -49 33
-43 26 4 1 wC7KeUk 1 -25 -7
-44 31 1 1 Q3BvZoB 1 -22 -6
-42 26 2 3 F4MtDn5 1 -44 29
-44 30 4 2 73HTyTa 1 -26 27
-42 25 6 1 23ZGTaR 1 -27 -13
-44 29 2 1 DXoXnss 1 -20 -12
-42 24 3 2 fhqEpsV 1 -21 -12
-44 28 2 2 xo64o7c 1 -23 -17
-42 23 1 3 CTvKhR8 1 -21 21
-44 27 6 3 y4q1jWp 1 -50 30
-42 22 2 1 hRZVOLa 1 -20 -18
-43 -35 3 2 TNSqngZ 1 -46 -33
-43 -36 5 2 YdI9V6P 1 -18 -28
-42 -35 6 2 9QDao4I 1 -25 -28
-42 -36 4 1 wC7KeUk 1 -18 -24
-43 25 3 2 TNSqngZ 1 -46 27
-43 20 5 2 YdI9V6P 1 -22 -32
-42 25 6 2 9QDao4I 1 -48 27
-42 20 4 1 wC7KeUk 1 -21 -31
-43 25 1 1 Q3BvZoB 1 -18 -30
-41 20 2 3 F4MtDn5 1 -43 23
-43 24 4 2 73HTyTa 1 -22 3
-41 19 6 1 23ZGTaR 1 -23 -37
-43 23 2 1 DXoXnss 1 -16 -36
-41 18 3 2 fhqEpsV 1 -44 20
-43 22 2 2 xo64o7c 1 -45 24
-41 17 1 3 CTvKhR8 1 -17 -3
-43 21 6 3 y4q1jWp 1 -49 24
-41 16 2 1 hRZVOLa 1 -16 -42
-42 -41 3 2 TNSqngZ 1 -16 -43
-42 -42 5 2 YdI9V6P 1 -21 -9
-41 -41 6 2 9QDao4I 1 -15 -10
-41 -42 4 1 wC7KeUk 1 -17 -53
-42 19 3 2 TNSqngZ 1 -45 21
-42 14 5 2 YdI9V6P 1 -20 -53
-41 19 6 2 9QDao4I 1 -15 -13
-41 14 4 1 wC7KeUk 1 -15 46
-42 19 1 1 Q3BvZoB 1 -15 46
-40 14 2 3 F4MtDn5 1 -42 17
-42 18 4 2 73HTyTa 1 -18 -21
-40 13 6 1 23ZGTaR 1 -13 -20
-42 17 2 1 DXoXnss 1 -13 40
-40 12 3 2 fhqEpsV 1 -43 14
-42 16 2 2 xo64o7c 1 -16 35
-40 11 1 3 CTvKhR8 1 -13 -27
-42 15 6 3 y4q1jWp 1 -48 18
-40 10 2 1 hRZVOLa 1 -13 34
-41 -47 3 2 TNSqngZ 1 -13 33
-41 -48 5 2 YdI9V6P 1 -17 -33
-40 -47 6 2 9QDao4I 1 -11 -34
-40 -48 4 1 wC7KeUk 1 -14 23
-41 13 3 2 TNSqngZ 1 -44 15
-41 8 5 2 YdI9V6P 1 -15 20
-40 13 6 2 9QDao4I 1 -46 15
-40 8 4 1 wC7KeUk 1 -11 22
-41 13 1 1 Q3BvZoB 1 -11 22
-39 8 2 3 F4MtDn5 1 -9 14
-41 12 4 2 73HTyTa 1 -14 -45
-39 7 6 1 23ZGTaR 1 -16 11
-41 11 2 1 DXoXnss 1 -9 16
-39 6 3 2 fhqEpsV 1 -42 8
-41 10 2 2 xo64o7c 1 -43 12
-39 5 1 3 CTvKhR8 1 -10 49
-41 9 6 3 y4q1jWp 1 -47 12
-39 4 2 1 hRZVOLa 1 -9 10
-41 47 3 2 TNSqngZ 1 -9 9
-41 46 5 2 YdI9V6P 1 -7 0
-40 47 6 2 9QDao4I 1 -46 49
-40 46 4 1 wC7KeUk 1 -7 4
-40 7 3 2 TNSqngZ 1 -11 1
-40 2 5 2 YdI9V6P 1 -13 -1
-39 7 6 2 9QDao4I 1 -45 9
-39 2 4 1 wC7KeUk 1 -7 -2
-40 7 1 1 Q3BvZoB 1 -5 -8
-38 2 2 3 F4MtDn5 1 -40 5
-40 6 4 2 73HTyTa 1 -44 8
-38 1 6 1 23ZGTaR 1 -6 32
-40 5 2 1 DXoXnss 1 -8 -9
-38 0 3 2 fhqEpsV 1 -41 2
-40 4 2 2 xo64o7c 1 -8 -13
-38 -1 1 3 CTvKhR8 1 -6 27
-40 3 6 3 y4q1jWp 1 -46 6
-38 -2 2 1 hRZVOLa 1 -3 -20
-40 41 3 2 TNSqngZ 1 -5 -15
-40 40 5 2 YdI9V6P 1 -3 -24
-39 41 6 2 9QDao4I 1 -45 43
-39 40 4 1 wC7KeUk 1 -3 -20
-39 1 3 2 TNSqngZ 1 -42 3
-39 -4 5 2 YdI9V6P 1 -9 -25
-38 1 6 2 9QDao4I 1 -44 3
-38 -4 4 1 wC7KeUk 1 -3 -26
-39 1 1 1 Q3BvZoB 1 -4 -28
-37 -4 2 3 F4MtDn5 1 -1 -34
-39 0 4 2 73HTyTa 1 -7 7
-37 -5 6 1 23ZGTaR 1 -43 -4
-39 -1 2 1 DXoXnss 1 -1 -38
-37 -6 3 2 fhqEpsV 1 -40 -4
-39 -2 2 2 xo64o7c 1 -4 -37
-37 -7 1 3 CTvKhR8 1 -2 1
-39 -3 6 3 y4q1jWp 1 -45 0
-37 -8 2 1 hRZVOLa 1 1 -44
-39 35 3 2 TNSqngZ 1 -1 -39
-39 34 5 2 YdI9V6P 1 -6 -4
-38 35 6 2 9QDao4I 1 0 -6
-38 34 4 1 wC7KeUk 1 -4 -45
-38 -5 3 2 TNSqngZ 1 -41 -3
-38 -10 5 2 YdI9V6P 1 -3 -52
-37 -5 6 2 9QDao4I 1 -43 -3
-37 -10 4 1 wC7KeUk 1 0 50
-38 -5 1 1 Q3BvZoB 1 2 44
-36 -10 2 3 F4MtDn5 1 -38 -7
-38 -6 4 2 73HTyTa 1 -42 -4
-36 -11 6 1 23ZGTaR 1 2 -16
-38 -7 2 1 DXoXnss 1 -40 -6
-36 -12 3 2 fhqEpsV 1 -39 -10
-38 -8 2 2 xo64o7c 1 1 36
-36 -13 1 3 CTvKhR8 1 2 -23
-38 -9 6 3 y4q1jWp 1 -44 -6
-36 -14 2 1 hRZVOLa 1 2 38
-38 29 3 2 TNSqngZ 1 2 37
-38 28 5 2 YdI9V6P 1 4 28
-37 29 6 2 9QDao4I 1 -43 31
-37 28 4 1 wC7KeUk 1 4 32
-37 -11 3 2 TNSqngZ 1 5 25
-37 -16 5 2 YdI9V6P 1 -42 -14
-36 -11 6 2 9QDao4I 1 -42 -9
-36 -16 4 1 wC7KeUk 1 1 25
-37 -11 1 1 Q3BvZoB 1 4 26
-35 -16 2 3 F4MtDn5 1 -37 -13
-37 -12 4 2 73HTyTa 1 1 -40
-35 -17 6 1 23ZGTaR 1 6 -40
-37 -13 2 1 DXoXnss 1 3 19
-35 -18 3 2 fhqEpsV 1 -38 -16
-37 -14 2 2 xo64o7c 1 3 15
-35 -19 1 3 CTvKhR8 1 6 -48
-37 -15 6 3 y4q1jWp 1 -43 -12
-35 -20 2 1 hRZVOLa 1 6 8
-37 23 3 2 TNSqngZ 1 6 13
-37 22 5 2 YdI9V6P 1 -42 24
-36 23 6 2 9QDao4I 1 -42 25
-36 22 4 1 wC7KeUk 1 8 8
-36 -17 3 2 TNSqngZ 1 4 5
-36 -22 5 2 YdI9V6P 1 -41 -20
-35 -17 6 2 9QDao4I 1 -41 -15
-35 -22 4 1 wC7KeUk 1 -39 -21
-36 -17 1 1 Q3BvZoB 1 8 2
-34 -22 2 3 F4MtDn5 1 8 2
-36 -18 4 2 73HTyTa 1 -40 -16
-34 -23 6 1 23ZGTaR 1 9 36
-36 -19 2 1 DXoXnss 1 10 -4
-34 -24 3 2 fhqEpsV 1 -37 -22
-36 -20 2 2 xo64o7c 1 7 -9
-34 -25 1 3 CTvKhR8 1 -35 -22
-36 -21 6 3 y4q1jWp 1 -42 -18
-34 -26 2 1 hRZVOLa 1 10 -10
-36 17 3 2 TNSqngZ 1 10 -11
-36 16 5 2 YdI9V6P 1 12 -20
-35 17 6 2 9QDao4I 1 -41 19
-35 16 4 1 wC7KeUk 1 12 -16
-35 -23 3 2 TNSqngZ 1 13 -23
-35 -28 5 2 YdI9V6P 1 11 -18
-34 -23 6 2 9QDao4I 1 -40 -21
-34 -28 4 1 wC7KeUk 1 9 -23
-35 -23 1 1 Q3BvZoB 1 12 -22
-33 -28 2 3 F4MtDn5 1 -35 -25
-35 -24 4 2 73HTyTa 1 8 11
-33 -29 6 1 23ZGTaR 1 13 12
-35 -25 2 1 DXoXnss 1 -37 -24
-33 -30 3 2 fhqEpsV 1 15 -35
-35 -26 2 2 xo64o7c 1 11 -33
-33 -31 1 3 CTvKhR8 1 13 5
-35 -27 6 3 y4q1jWp 1 -41 -24
-33 -32 2 1 hRZVOLa 1 16 -40
-35 11 3 2 TNSqngZ 1 14 -35
-35 10 5 2 YdI9V6P 1 16 -44
-34 11 6 2 9QDao4I 1 -40 13
-34 10 4 1 wC7KeUk 1 16 -40
-34 -29 3 2 TNSqngZ 1 12 -43
-34 -34 5 2 YdI9V6P 1 -39 -32
-33 -29 6 2 9QDao4I 1 -39 -27
-33 -34 4 1 wC7KeUk 1 13 -47
-34 -29 1 1 Q3BvZoB 1 16 -46
-32 -34 2 3 F4MtDn5 1 -34 -31
-34 -30 4 2 73HTyTa 1 -38 -28
-32 -35 6 1 23ZGTaR 1 17 -12
-34 -31 2 1 DXoXnss 1 14 47
-32 -36 3 2 fhqEpsV 1 -35 -34
-34 -32 2 2 xo64o7c 1 14 43
-32 -37 1 3 CTvKhR8 1 17 -19
-34 -33 6 3 y4q1jWp 1 -40 -30
-32 -38 2 1 hRZVOLa 1 19 36
-34 5 3 2 TNSqngZ 1 17 41
-34 4 5 2 YdI9V6P 1 19 32
-33 5 6 2 9QDao4I 1 -39 7
-33 4 4 1 wC7KeUk 1 19 36
-33 -35 3 2 TNSqngZ 1 -36 -33
-33 -40 5 2 YdI9V6P 1 15 28
-32 -35 6 2 9QDao4I 1 -38 -33
-32 -40 4 1 wC7KeUk 1 16 29
-33 -35 1 1 Q3BvZoB 1 19 30
-31 -40 2 3 F4MtDn5 1 -33 -37
-33 -36 4 2 73HTyTa 1 16 -37
-31 -41 6 1 23ZGTaR 1 21 -36
-33 -37 2 1 DXoXnss 1 21 24
-31 -42 3 2 fhqEpsV 1 -34 -40
-33 -38 2 2 xo64o7c 1 -35 -36
-31 -43 1 3 CTvKhR8 1 21 -43
-33 -39 6 3 y4q1jWp 1 -39 -36
-31 -44 2 1 hRZVOLa 1 21 18
-33 -1 3 2 TNSqngZ 1 18 14
-33 -2 5 2 YdI9V6P 1 23 8
-32 -1 6 2 9QDao4I 1 16 8
-32 -2 4 1 wC7KeUk 1 23 12
-32 -41 3 2 TNSqngZ 1 24 5
-32 -46 5 2 YdI9V6P 1 -37 -44
-31 -41 6 2 9QDao4I 1 -37 -39
-31 -46 4 1 wC7KeUk 1 20 5
-32 -41 1 1 Q3BvZoB 1 23 6
-30 -46 2 3 F4MtDn5 1 -32 -43
-32 -42 4 2 73HTyTa 1 -36 -40
-30 -47 6 1 23ZGTaR 1 24 40
-32 -43 2 1 DXoXnss 1 22 -1
-30 -48 3 2 fhqEpsV 1 -33 -46
-32 -44 2 2 xo64o7c 1 22 -5
-30 -49 1 3 CTvKhR8 1 24 32
-32 -45 6 3 y4q1jWp 1 -38 -42
-30 -50 2 1 hRZVOLa 1 25 -12
-32 -7 3 2 TNSqngZ 1 25 -7
-32 -8 5 2 YdI9V6P 1 27 -16
-31 -7 6 2 9QDao4I 1 -37 -5
-31 -8 4 1 wC7KeUk 1 27 -12
-31 -47 3 2 TNSqngZ 1 23 -15
-31 -52 5 2 YdI9V6P 1 21 -17
-30 -47 6 2 9QDao4I 1 -36 -45
-30 -52 4 1 wC7KeUk 1 -34 -51
-31 -47 1 1 Q3BvZoB 1 27 -18
-29 -52 2 3 F4MtDn5 1 25 -22
-31 -48 4 2 73HTyTa 1 -35 -46
-29 -53 6 1 23ZGTaR 1 28 16
-31 -49 2 1 DXoXnss 1 29 -24
-29 -54 3 2 fhqEpsV 1 30 -31
-31 -50 2 2 xo64o7c 1 26 -29
-29 -55 1 3 CTvKhR8 1 28 9
-31 -51 6 3 y4q1jWp 1 -37 -48
-29 -56 2 1 hRZVOLa 1 31 -36
-31 -13 3 2 TNSqngZ 1 29 -31
-31 -14 5 2 YdI9V6P 1 31 -40
-30 -13 6 2 9QDao4I 1 -36 -11
-30 -14 4 1 wC7KeUk 1 28 -41
-31 47 3 2 TNSqngZ 1 27 -39
-31 42 5 2 YdI9V6P 1 30 -38
-30 47 6 2 9QDao4I 1 25 -2
-30 42 4 1 wC7KeUk 1 28 -43
-31 47 1 1 Q3BvZoB 1 33 -48
-29 42 2 3 F4MtDn5 1 -31 45
-31 46 4 2 73HTyTa 1 -35 48
-29 41 6 1 23ZGTaR 1 26 -49
-31 45 2 1 DXoXnss 1 33 -48
-29 40 3 2 fhqEpsV 1 32 -48
-31 44 2 2 xo64o7c 1 30 -53
-29 39 1 3 CTvKhR8 1 32 -15
-31 43 6 3 y4q1jWp 1 -37 46
-29 38 2 1 hRZVOLa 1 34 40
-30 -19 3 2 TNSqngZ 1 31 39
-30 -20 5 2 YdI9V6P 1 32 43
-29 -19 6 2 9QDao4I 1 -35 -17
-29 -20 4 1 wC7KeUk 1 34 34
-30 41 3 2 TNSqngZ 1 -33 43
-30 36 5 2 YdI9V6P 1 -35 38
-29 41 6 2 9QDao4I 1 -35 43
-29 36 4 1 wC7KeUk 1 34 34
-30 41 1 1 Q3BvZoB 1 34 34
-28 36 2 3 F4MtDn5 1 -30 39
-30 40 4 2 73HTyTa 1 31 -33
-28 35 6 1 23ZGTaR 1 29 23
-30 39 2 1 DXoXnss 1 36 28
-28 34 3 2 fhqEpsV 1 35 28
-30 38 2 2 xo64o7c 1 33 23
-28 33 1 3 CTvKhR8 1 -29 36
-30 37 6 3 y4q1jWp 1 -36 40
-28 32 2 1 hRZVOLa 1 36 16
-29 -25 3 2 TNSqngZ 1 36 21
-29 -26 5 2 YdI9V6P 1 38 12
-28 -25 6 2 9QDao4I 1 -34 -23
-28 -26 4 1 wC7KeUk 1 38 16
-29 35 3 2 TNSqngZ 1 -32 37
-29 30 5 2 YdI9V6P 1 34 8
-28 35 6 2 9QDao4I 1 -34 37
-28 30 4 1 wC7KeUk 1 35 9
-29 35 1 1 Q3BvZoB 1 37 8
-27 30 2 3 F4MtDn5 1 -29 33
-29 34 4 2 73HTyTa 1 -33 36
-27 29 6 1 23ZGTaR 1 33 3
-29 33 2 1 DXoXnss 1 39 -1
-27 28 3 2 fhqEpsV 1 -30 30
-29 32 2 2 xo64o7c 1 41 -5
-27 27 1 3 CTvKhR8 1 -28 30
-29 31 6 3 y4q1jWp 1 -35 34
-27 26 2 1 hRZVOLa 1 42 -8
-28 -31 3 2 TNSqngZ 1 40 -3
-28 -32 5 2 YdI9V6P 1 42 -12
-27 -31 6 2 9QDao4I 1 -33 -29
-27 -32 4 1 wC7KeUk 1 42 -8
-28 29 3 2 TNSqngZ 1 -31 31
-28 24 5 2 YdI9V6P 1 -33 26
-27 29 6 2 9QDao4I 1 41 27
-27 24 4 1 wC7KeUk 1 39 -15
-28 29 1 1 Q3BvZoB 1 42 -14
-26 24 2 3 F4MtDn5 1 -28 27
-28 28 4 2 73HTyTa 1 38 19
-26 23 6 1 23ZGTaR 1 37 -21
-28 27 2 1 DXoXnss 1 44 -26
-26 22 3 2 fhqEpsV 1 43 -20
-28 26 2 2 xo64o7c 1 41 -25
-26 21 1 3 CTvKhR8 1 43 12
-28 25 6 3 y4q1jWp 1 -34 28
-26 20 2 1 hRZVOLa 1 -28 21
-27 -37 3 2 TNSqngZ 1 41 -30
-27 -38 5 2 YdI9V6P 1 46 -36
-26 -37 6 2 9QDao4I 1 45 9
-26 -38 4 1 wC7KeUk 1 46 -32
-27 23 3 2 TNSqngZ 1 -30 25
-27 18 5 2 YdI9V6P 1 -32 20
-26 23 6 2 9QDao4I 1 -32 25
-26 18 4 1 wC7KeUk 1 43 -39
-27 23 1 1 Q3BvZoB 1 46 -38
-25 18 2 3 F4MtDn5 1 46 -38
-27 22 4 2 73HTyTa 1 42 -5
-25 17 6 1 23ZGTaR 1 47 -4
-27 21 2 1 DXoXnss 1 48 -44
-25 16 3 2 fhqEpsV 1 -28 18
-27 20 2 2 xo64o7c 1 45 -49
-25 15 1 3 CTvKhR8 1 47 -11
-27 19 6 3 y4q1jWp 1 -33 22
-25 14 2 1 hRZVOLa 1 47 50
-26 -43 3 2 TNSqngZ 1 46 43
-26 -44 5 2 YdI9V6P 1 49 40
-25 -43 6 2 9QDao4I 1 49 -15
-25 -44 4 1 wC7KeUk 1 49 44
-26 17 3 2 TNSqngZ 1 -29 19
-26 12 5 2 YdI9V6P 1 45 36
-25 17 6 2 9QDao4I 1 -31 19
-25 12 4 1 wC7KeUk 1 49 38
-26 17 1 1 Q3BvZoB 1 49 38
-24 12 2 3 F4MtDn5 1 -26 15
-26 16 4 2 73HTyTa 1 -4 0
-24 11 6 1 23ZGTaR 1 -6 1
-26 15 2 1 DXoXnss 1 -28 16
-24 10 3 2 fhqEpsV 1 0 2
-26 14 2 2 xo64o7c 1 -28 16
-24 9 1 3 CTvKhR8 1 196607 541668463
-26 13 6 3 y4q1jWp 1 -32 16
-24 8 2 1 hRZVOLa 1 131072 1
-25 -49 3 2 TNSqngZ 1 -3 2
-25 -50 5 2 YdI9V6P 1 74721472 2
-24 -49 6 2 9QDao4I 1 -30 -47
-24 -50 4 1 wC7KeUk 1 76627792 0
-25 11 3 2 TNSqngZ 1 -28 13
-25 6 5 2 YdI9V6P 1 -5 2
-24 11 6 2 9QDao4I 1 -30 13
-24 6 4 1 wC7KeUk 1 0 1
-25 11 1 1 Q3BvZoB 1 50882320 0
-23 6 2 3 F4MtDn5 1 -25 9
-25 10 4 2 73HTyTa 1 -1 0
-23 5 6 1 23ZGTaR 1 40906672 1
-25 9 2 1 DXoXnss 1 196611 1
-23 4 3 2 fhqEpsV 1 -26 6
-25 8 2 2 xo64o7c 1 -27 10
-23 3 1 3 CTvKhR8 1 74119423 0
-25 7 6 3 y4q1jWp 1 -31 10
-23 2 2 1 hRZVOLa 1 74752832 1
-25 45 3 2 TNSqngZ 1 -1 2
-25 44 5 2 YdI9V6P 1 40511136 0
-24 45 6 2 9QDao4I 1 74544256 2
-24 44 4 1 wC7KeUk 1 65538 1
-24 5 3 2 TNSqngZ 1 40423232 0
-24 0 5 2 YdI9V6P 1 -29 2
-23 5 6 2 9QDao4I 1 -29 7
-23 0 4 1 wC7KeUk 1 0 1
-24 5 1 1 Q3BvZoB 1 0 1
-22 0 2 3 F4MtDn5 1 -24 3
-24 4 4 2 73HTyTa 1 131068 0
-22 -1 6 1 23ZGTaR 1 74779520 1
-24 3 2 1 DXoXnss 1 -26 4
-22 -2 3 2 fhqEpsV 1 -25 0
-24 2 2 2 xo64o7c 1 -2 0
-22 -3 1 3 CTvKhR8 1 74505119 0
-24 1 6 3 y4q1jWp 1 -30 4
-22 -4 2 1 hRZVOLa 1 1445440 1
-24 39 3 2 TNSqngZ 1 1445440 2
-24 38 5 2 YdI9V6P 1 1445440 0
-23 39 6 2 9QDao4I 1 -29 41
-23 38 4 1 wC7KeUk 1 1445440 1
-23 -1 3 2 TNSqngZ 1 1445440 0
-23 -6 5 2 YdI9V6P 1 1445435 2
-22 -1 6 2 9QDao4I 1 -28 1
-22 -6 4 1 wC7KeUk 1 40403232 1
-23 -1 1 1 Q3BvZoB 1 0 1
-21 -6 2 3 F4MtDn5 1 -23 -3
-23 -2 4 2 73HTyTa 1 40415932 2
-21 -7 6 1 23ZGTaR 1 11 -253701951
-23 -3 2 1 DXoXnss 1 -25 -2
-21 -8 3 2 fhqEpsV 1 -24 -6
-23 -4 2 2 xo64o7c 1 -2 2
-21 -9 1 3 CTvKhR8 1 -1 0
-23 -5 6 3 y4q1jWp 1 -29 -2
-21 -10 2 1 hRZVOLa 1 0 1
-23 33 3 2 TNSqngZ 1 74648288 2
-23 32 5 2 YdI9V6P 1 65533 2
-22 33 6 2 9QDao4I 1 -28 35
-22 32 4 1 wC7KeUk 1 74910080 1
-22 -7 3 2 TNSqngZ 1 0 0
-22 -12 5 2 YdI9V6P 1 196606 0
-21 -7 6 2 9QDao4I 1 -27 -5
-21 -12 4 1 wC7KeUk 1 65537 1
-22 -7 1 1 Q3BvZoB 1 0 1
-20 -12 2 3 F4MtDn5 1 -22 -9
-22 -8 4 2 73HTyTa 1 40259260 0
-20 -13 6 1 23ZGTaR 1 0 1
-22 -9 2 1 DXoXnss 1 -24 -8
-20 -14 3 2 fhqEpsV 1 -23 -12
-22 -10 2 2 xo64o7c 1 131070 0
-20 -15 1 3 CTvKhR8 1 -1 0
-22 -11 6 3 y4q1jWp 1 -28 -8
-20 -16 2 1 hRZVOLa 1 0 1
-22 27 3 2 TNSqngZ 1 -3 0
-22 26 5 2 YdI9V6P 1 0 0
-21 27 6 2 9QDao4I 1 -6 2
-21 26 4 1 wC7KeUk 1 40796496 1
-21 -13 3 2 TNSqngZ 1 0 0
-21 -18 5 2 YdI9V6P 1 -5 2
-20 -13 6 2 9QDao4I 1 -26 -11
-20 -18 4 1 wC7KeUk 1 2 1
-21 -13 1 1 Q3BvZoB 1 0 1
-19 -18 2 3 F4MtDn5 1 -21 -15
-21 -14 4 2 73HTyTa 1 76658364 0
-19 -19 6 1 23ZGTaR 1 0 1
-21 -15 2 1 DXoXnss 1 -23 -14
-19 -20 3 2 fhqEpsV 1 -22 -18
-21 -16 2 2 xo64o7c 1 -23 -14
-19 -21 1 3 CTvKhR8 1 -1 0
-21 -17 6 3 y4q1jWp 1 -27 -14
-19 -22 2 1 hRZVOLa 1 0 1
-21 21 3 2 TNSqngZ 1 0 2
-21 20 5 2 YdI9V6P 1 40449648 0
-20 21 6 2 9QDao4I 1 -26 23
-20 20 4 1 wC7KeUk 1 0 1
-20 -19 3 2 TNSqngZ 1 0 0
-20 -24 5 2 YdI9V6P 1 -25 -22
-19 -19 6 2 9QDao4I 1 -25 -17
-19 -24 4 1 wC7KeUk 1 50862444 0
-20 -19 1 1 Q3BvZoB 1 40419296 1
-18 -24 2 3 F4MtDn5 1 -20 -21
-20 -20 4 2 73HTyTa 1 40424620 0
-18 -25 6 1 23ZGTaR 1 -6 0
-20 -21 2 1 DXoXnss 1 -22 -20
-18 -26 3 2 fhqEpsV 1 40445376 2
-20 -22 2 2 xo64o7c 1 -2 0
-18 -27 1 3 CTvKhR8 1 -1 0
-20 -23 6 3 y4q1jWp 1 -26 -20
-18 -28 2 1 hRZVOLa 1 0 0
-20 15 3 2 TNSqngZ 1 40449741 0
-20 14 5 2 YdI9V6P 1 40421648 0
-19 15 6 2 9QDao4I 1 40415930 2
-19 14 4 1 wC7KeUk 1 40448064 1
-19 -25 3 2 TNSqngZ 1 -22 -23
-19 -30 5 2 YdI9V6P 1 -24 -28
-18 -25 6 2 9QDao4I 1 -24 -23
-18 -30 4 1 wC7KeUk 1 50889788 0
-19 -25 1 1 Q3BvZoB 1 0 1
-17 -30 2 3 F4MtDn5 1 -19 -27
-19 -26 4 2 73HTyTa 1 74782972 0
-17 -31 6 1 23ZGTaR 1 0 1
-19 -27 2 1 DXoXnss 1 74873680 1
-17 -32 3 2 fhqEpsV 1 -20 -30
-19 -28 2 2 xo64o7c 1 196609 0
-17 -33 1 3 CTvKhR8 1 -1 0
-19 -29 6 3 y4q1jWp 1 -25 -26
-17 -34 2 1 hRZVOLa 1 0 1
-19 9 3 2 TNSqngZ 1 74823568 2
-19 8 5 2 YdI9V6P 1 0 0
-18 9 6 2 9QDao4I 1 -24 11
-18 8 4 1 wC7KeUk 1 -2 1
-18 -31 3 2 TNSqngZ 1 -21 -29
-18 -36 5 2 YdI9V6P 1 -23 -34
-17 -31 6 2 9QDao4I 1 -23 -29
-17 -36 4 1 wC7KeUk 1 74857456 0
-18 -31 1 1 Q3BvZoB 1 74654240 1
-16 -36 2 3 F4MtDn5 1 -18 -33
-18 -32 4 2 73HTyTa 1 196607 0
-16 -37 6 1 23ZGTaR 1 -6 0
-18 -33 2 1 DXoXnss 1 196609 1
-16 -38 3 2 fhqEpsV 1 -19 -36
-18 -34 2 2 xo64o7c 1 -2 0
-16 -39 1 3 CTvKhR8 1 40737471 0
-18 -35 6 3 y4q1jWp 1 -24 -32
-16 -40 2 1 hRZVOLa 1 74883472 1
-18 3 3 2 TNSqngZ 1 196608 2
-18 2 5 2 YdI9V6P 1 -1 -1
-17 3 6 2 9QDao4I 1 -23 5
-17 2 4 1 wC7KeUk 1 0 1
-17 -37 3 2 TNSqngZ 1 -20 -35
-17 -42 5 2 YdI9V6P 1 -22 -40
-16 -37 6 2 9QDao4I 1 -22 -35
-16 -42 4 1 wC7KeUk 1 74688784 1
-17 -37 1 1 Q3BvZoB 1 65535 1
-15 -42 2 3 F4MtDn5 1 -17 -39
-17 -38 4 2 73HTyTa 1 -4 0
-15 -43 6 1 23ZGTaR 1 131075 1
-17 -39 2 1 DXoXnss 1 0 1
-15 -44 3 2 fhqEpsV 1 -18 -42
-17 -40 2 2 xo64o7c 1 74919342 0
-15 -45 1 3 CTvKhR8 1 -1 3
-17 -41 6 3 y4q1jWp 1 -23 -38
-15 -46 2 1 hRZVOLa 1 0 1
-17 -3 3 2 TNSqngZ 1 0 2
-17 -4 5 2 YdI9V6P 1 65536 0
-16 -3 6 2 9QDao4I 1 -22 -1
-16 -4 4 1 wC7KeUk 1 0 1
-16 -43 3 2 TNSqngZ 1 -3 0
-16 -48 5 2 YdI9V6P 1 3 2
-15 -43 6 2 9QDao4I 1 -21 -41
-15 -48 4 1 wC7KeUk 1 -4 0
-16 -43 1 1 Q3BvZoB 1 -1 1
-14 -48 2 3 F4MtDn5 1 -16 -45
-16 -44 4 2 73HTyTa 1 -20 -42
-14 -49 6 1 23ZGTaR 1 65538 1
-16 -45 2 1 DXoXnss 1 -1 0
-14 -50 3 2 fhqEpsV 1 65539 0
-16 -46 2 2 xo64o7c 1 40491118 0
-14 -51 1 3 CTvKhR8 1 -1 0
-16 -47 6 3 y4q1jWp 1 -22 -44
-14 -52 2 1 hRZVOLa 1 0 0
-16 -9 3 2 TNSqngZ 1 0 2
-16 -10 5 2 YdI9V6P 1 131074 0
-15 -9 6 2 9QDao4I 1 -21 -7
-15 -10 4 1 wC7KeUk 1 0 1
-15 -49 3 2 TNSqngZ 1 -3 0
-15 -54 5 2 YdI9V6P 1 -20 -52
-14 -49 6 2 9QDao4I 1 -20 -47
-14 -54 4 1 wC7KeUk 1 74563408 1
-15 -49 1 1 Q3BvZoB 1 65538 1
-13 -54 2 3 F4MtDn5 1 74786432 0
-15 -50 4 2 73HTyTa 1 -19 -48
-13 -55 6 1 23ZGTaR 1 65533 1
-15 -51 2 1 DXoXnss 1 196606 0
-13 -56 3 2 fhqEpsV 1 -3 0
-15 -52 2 2 xo64o7c 1 74801886 0
-13 -57 1 3 CTvKhR8 1 74539120 0
-15 -53 6 3 y4q1jWp 1 -21 -50
-13 -58 2 1 hRZVOLa 1 50883278 0
-15 -15 3 2 TNSqngZ 1 0 2
-15 -16 5 2 YdI9V6P 1 65537 0
-14 -15 6 2 9QDao4I 1 -20 -13
-14 -16 4 1 wC7KeUk 1 0 1
-15 45 3 2 TNSqngZ 1 75142717 2
-15 40 5 2 YdI9V6P 1 196609 2
-14 45 6 2 9QDao4I 1 40972368 0
-14 40 4 1 wC7KeUk 1 -4 0
-15 45 1 1 Q3BvZoB 1 0 0
-13 40 2 3 F4MtDn5 1 -15 43
-15 44 4 2 73HTyTa 1 -4 0
-13 39 6 1 23ZGTaR 1 131074 1
-15 43 2 1 DXoXnss 1 41027040 0
-13 38 3 2 fhqEpsV 1 -16 40
-15 42 2 2 xo64o7c 1 40503454 0
-13 37 1 3 CTvKhR8 1 65535 0
-15 41 6 3 y4q1jWp 1 -21 44
-13 36 2 1 hRZVOLa 1 196611 1
-14 -21 3 2 TNSqngZ 1 0 2
-14 -22 5 2 YdI9V6P 1 -5 0
-13 -21 6 2 9QDao4I 1 0 0
-13 -22 4 1 wC7KeUk 1 -4 1
-14 39 3 2 TNSqngZ 1 -17 41
-14 34 5 2 YdI9V6P 1 -19 36
-13 39 6 2 9QDao4I 1 -19 41
-13 34 4 1 wC7KeUk 1 74745920 1
-14 39 1 1 Q3BvZoB 1 170926128 757084980
-12 34 2 3 F4MtDn5 1 -14 37
-14 38 4 2 73HTyTa 1 196605 540287032
-12 33 6 1 23ZGTaR 1 40491600 1
-14 37 2 1 DXoXnss 1 131074 873082913
-12 32 3 2 fhqEpsV 1 540423175 540619567
-14 36 2 2 xo64o7c 1 807417936 807415840
-12 31 1 3 CTvKhR8 1 -13 34
-14 35 6 3 y4q1jWp 1 -20 38
-12 30 2 1 hRZVOLa 1 40524192 1
-13 -27 3 2 TNSqngZ 1 131072 2032153378
-13 -28 5 2 YdI9V6P 1 74598800 0
-12 -27 6 2 9QDao4I 1 -18 -25
-12 -28 4 1 wC7KeUk 1 65537 540619787
-13 33 3 2 TNSqngZ 1 -16 35
-13 28 5 2 YdI9V6P 1 76089056 2
-12 33 6 2 9QDao4I 1 -18 35
-12 28 4 1 wC7KeUk 1 131068 0
-13 33 1 1 Q3BvZoB 1 -14 34
-11 28 2 3 F4MtDn5 1 -13 31
-13 32 4 2 73HTyTa 1 196607 0
-11 27 6 1 23ZGTaR 1 -6 0
-13 31 2 1 DXoXnss 1 65537 1
-11 26 3 2 fhqEpsV 1 0 2
-13 30 2 2 xo64o7c 1 -2 0
-11 25 1 3 CTvKhR8 1 41096799 0
-13 29 6 3 y4q1jWp 1 -19 32
-11 24 2 1 hRZVOLa 1 74714944 1
-12 -33 3 2 TNSqngZ 1 131072 2
-12 -34 5 2 YdI9V6P 1 131068 0
-11 -33 6 2 9QDao4I 1 65537 0
-11 -34 4 1 wC7KeUk 1 131068 1
-12 27 3 2 TNSqngZ 1 -15 29
-12 22 5 2 YdI9V6P 1 -17 24
-11 27 6 2 9QDao4I 1 -17 29
-11 22 4 1 wC7KeUk 1 131069 0
-12 27 1 1 Q3BvZoB 1 75093728 1
-10 22 2 3 F4MtDn5 1 0 0
-12 26 4 2 73HTyTa 1 -4 0
-10 21 6 1 23ZGTaR 1 -6 0
-12 25 2 1 DXoXnss 1 65538 1
-10 20 3 2 fhqEpsV 1 -13 22
-12 24 2 2 xo64o7c 1 -2 0
-10 19 1 3 CTvKhR8 1 50906671 0
-12 23 6 3 y4q1jWp 1 -18 26
-10 18 2 1 hRZVOLa 1 74618672 1
-11 -39 3 2 TNSqngZ 1 196609 2
-11 -40 5 2 YdI9V6P 1 40244384 0
-10 -39 6 2 9QDao4I 1 -16 -37
-10 -40 4 1 wC7KeUk 1 65537 1
-11 21 3 2 TNSqngZ 1 -14 23
-11 16 5 2 YdI9V6P 1 75012587 2
-10 21 6 2 9QDao4I 1 -16 23
-10 16 4 1 wC7KeUk 1 65535 0
-11 21 1 1 Q3BvZoB 1 74115632 1
-9 16 2 3 F4MtDn5 1 -11 19
-11 20 4 2 73HTyTa 1 196606 0
-9 15 6 1 23ZGTaR 1 74224016 1
-11 19 2 1 DXoXnss 1 -13 20
-9 14 3 2 fhqEpsV 1 -12 16
-11 18 2 2 xo64o7c 1 -13 20
-9 13 1 3 CTvKhR8 1 40792079 0
-11 17 6 3 y4q1jWp 1 -17 20
-9 12 2 1 hRZVOLa 1 74254928 1
-10 -45 3 2 TNSqngZ 1 196608 2
-10 -46 5 2 YdI9V6P 1 0 0
-9 -45 6 2 9QDao4I 1 -15 -43
-9 -46 4 1 wC7KeUk 1 0 1
-10 15 3 2 TNSqngZ 1 -13 17
-10 10 5 2 YdI9V6P 1 74558315 0
-9 15 6 2 9QDao4I 1 -15 17
-9 10 4 1 wC7KeUk 1 74767616 1
-10 15 1 1 Q3BvZoB 1 196609 1
-8 10 2 3 F4MtDn5 1 -10 13
-10 14 4 2 73HTyTa 1 -4 0
-8 9 6 1 23ZGTaR 1 1 1
-10 13 2 1 DXoXnss 1 0 1
-8 8 3 2 fhqEpsV 1 -11 10
-10 12 2 2 xo64o7c 1 40410302 0
-8 7 1 3 CTvKhR8 1 1 0
-10 11 6 3 y4q1jWp 1 -16 14
-8 6 2 1 hRZVOLa 1 -10 7
-10 49 3 2 TNSqngZ 1 -3 2
-10 48 5 2 YdI9V6P 1 196610 0
-9 49 6 2 9QDao4I 1 196611 2
-9 48 4 1 wC7KeUk 1 0 1
-9 9 3 2 TNSqngZ 1 65537 0
-9 4 5 2 YdI9V6P 1 65534 2
-8 9 6 2 9QDao4I 1 -14 11
-8 4 4 1 wC7KeUk 1 -4 0
-9 9 1 1 Q3BvZoB 1 65539 1
-7 4 2 3 F4MtDn5 1 0 3
-9 8 4 2 73HTyTa 1 -4 0
-7 3 6 1 23ZGTaR 1 65536 1
-9 7 2 1 DXoXnss 1 -11 8
-7 2 3 2 fhqEpsV 1 -10 4
-9 6 2 2 xo64o7c 1 -11 8
-7 1 1 3 CTvKhR8 1 2 0
-9 5 6 3 y4q1jWp 1 -15 8
-7 0 2 1 hRZVOLa 1 196609 1
-9 43 3 2 TNSqngZ 1 -12 45
-9 42 5 2 YdI9V6P 1 0 0
-8 43 6 2 9QDao4I 1 65536 2
-8 42 4 1 wC7KeUk 1 0 1
-8 3 3 2 TNSqngZ 1 196608 0
-8 -2 5 2 YdI9V6P 1 131069 2
-7 3 6 2 9QDao4I 1 -13 5
-7 -2 4 1 wC7KeUk 1 -4 0
-8 3 1 1 Q3BvZoB 1 131073 1
-6 -2 2 3 F4MtDn5 1 74718016 0
-8 2 4 2 73HTyTa 1 -4 0
-6 -3 6 1 23ZGTaR 1 76455370 0
-8 1 2 1 DXoXnss 1 -10 2
-6 -4 3 2 fhqEpsV 1 -9 -2
-8 0 2 2 xo64o7c 1 -10 2
-6 -5 1 3 CTvKhR8 1 -1 0
-8 -1 6 3 y4q1jWp 1 -14 2
-6 -6 2 1 hRZVOLa 1 1 1
-8 37 3 2 TNSqngZ 1 -2 0
-8 36 5 2 YdI9V6P 1 131072 0
-7 37 6 2 9QDao4I 1 65537 2
-7 36 4 1 wC7KeUk 1 0 1
-7 -3 3 2 TNSqngZ 1 -10 -1
-7 -8 5 2 YdI9V6P 1 196603 2
-6 -3 6 2 9QDao4I 1 -12 -1
-6 -8 4 1 wC7KeUk 1 40642304 1
-7 -3 1 1 Q3BvZoB 1 196609 1
-5 -8 2 3 F4MtDn5 1 -7 -5
-7 -4 4 2 73HTyTa 1 -4 0
-5 -9 6 1 23ZGTaR 1 3 1
-7 -5 2 1 DXoXnss 1 -9 -4
-5 -10 3 2 fhqEpsV 1 196611 0
-7 -6 2 2 xo64o7c 1 -9 -4
-5 -11 1 3 CTvKhR8 1 131073 0
-7 -7 6 3 y4q1jWp 1 -13 -4
-5 -12 2 1 hRZVOLa 1 0 0
-7 31 3 2 TNSqngZ 1 -3 2
-7 30 5 2 YdI9V6P 1 65536 0
-6 31 6 2 9QDao4I 1 196610 2
-6 30 4 1 wC7KeUk 1 0 1
-6 -9 3 2 TNSqngZ 1 -3 0
-6 -14 5 2 YdI9V6P 1 -5 2
-5 -9 6 2 9QDao4I 1 -11 -7
-5 -14 4 1 wC7KeUk 1 74824912 1
-6 -9 1 1 Q3BvZoB 1 196609 1
-4 -14 2 3 F4MtDn5 1 -6 -11
-6 -10 4 2 73HTyTa 1 -10 -8
-4 -15 6 1 23ZGTaR 1 65537 1
-6 -11 2 1 DXoXnss 1 65535 0
-4 -16 3 2 fhqEpsV 1 -7 -14
-6 -12 2 2 xo64o7c 1 -8 -10
-4 -17 1 3 CTvKhR8 1 196608 0
-6 -13 6 3 y4q1jWp 1 -12 -10
-4 -18 2 1 hRZVOLa 1 131072 1
-6 25 3 2 TNSqngZ 1 0 2
-6 24 5 2 YdI9V6P 1 196609 0
-5 25 6 2 9QDao4I 1 -11 27
-5 24 4 1 wC7KeUk 1 0 1
-5 -15 3 2 TNSqngZ 1 -3 0
-5 -20 5 2 YdI9V6P 1 -10 -18
-4 -15 6 2 9QDao4I 1 40458912 0
-4 -20 4 1 wC7KeUk 1 -4 0
-5 -15 1 1 Q3BvZoB 1 196610 1
-3 -20 2 3 F4MtDn5 1 -5 -17
-5 -16 4 2 73HTyTa 1 -9 -14
-3 -21 6 1 23ZGTaR 1 3 1
-5 -17 2 1 DXoXnss 1 196608 0
-3 -22 3 2 fhqEpsV 1 131072 0
-5 -18 2 2 xo64o7c 1 40698222 0
-3 -23 1 3 CTvKhR8 1 196609 0
-5 -19 6 3 y4q1jWp 1 -11 -16
-3 -24 2 1 hRZVOLa 1 0 0
-5 19 3 2 TNSqngZ 1 196605 0
-5 18 5 2 YdI9V6P 1 1 0
-4 19 6 2 9QDao4I 1 196609 2
-4 18 4 1 wC7KeUk 1 0 1
-4 -21 3 2 TNSqngZ 1 -3 0
-4 -26 5 2 YdI9V6P 1 -9 -24
-3 -21 6 2 9QDao4I 1 -9 -19
-3 -26 4 1 wC7KeUk 1 -4 0
-4 -21 1 1 Q3BvZoB 1 65539 1
-2 -26 2 3 F4MtDn5 1 -4 -23
-4 -22 4 2 73HTyTa 1 -8 -20
-2 -27 6 1 23ZGTaR 1 65538 1
-4 -23 2 1 DXoXnss 1 -1 0
-2 -28 3 2 fhqEpsV 1 -5 -26
-4 -24 2 2 xo64o7c 1 74584622 0
-2 -29 1 3 CTvKhR8 1 -3 -26
-4 -25 6 3 y4q1jWp 1 -10 -22
-2 -30 2 1 hRZVOLa 1 0 1
-4 13 3 2 TNSqngZ 1 -3 2
-4 12 5 2 YdI9V6P 1 1 0
-3 13 6 2 9QDao4I 1 -9 15
-3 12 4 1 wC7KeUk 1 0 1
-3 -27 3 2 TNSqngZ 1 -3 0
-3 -32 5 2 YdI9V6P 1 196609 2
-2 -27 6 2 9QDao4I 1 -8 -25
-2 -32 4 1 wC7KeUk 1 -4 0
-3 -27 1 1 Q3BvZoB 1 0 1
-1 -32 2 3 F4MtDn5 1 -3 -29
-3 -28 4 2 73HTyTa 1 -7 -26
-1 -33 6 1 23ZGTaR 1 196608 1
-3 -29 2 1 DXoXnss 1 0 1
-1 -34 3 2 fhqEpsV 1 -4 -32
-3 -30 2 2 xo64o7c 1 74822462 0
-1 -35 1 3 CTvKhR8 1 131072 0
-3 -31 6 3 y4q1jWp 1 -9 -28
-1 -36 2 1 hRZVOLa 1 0 0
-3 7 3 2 TNSqngZ 1 0 2
-3 6 5 2 YdI9V6P 1 65536 0
-2 7 6 2 9QDao4I 1 -8 9
-2 6 4 1 wC7KeUk 1 0 1
-2 -33 3 2 TNSqngZ 1 0 0
-2 -38 5 2 YdI9V6P 1 65532 2
-1 -33 6 2 9QDao4I 1 -7 -31
-1 -38 4 1 wC7KeUk 1 -4 0
-2 -33 1 1 Q3BvZoB 1 196609 1
0 -38 2 3 F4MtDn5 1 -2 -35
-2 -34 4 2 73HTyTa 1 -6 -32
0 -39 6 1 23ZGTaR 1 2 1
-2 -35 2 1 DXoXnss 1 -4 -34
0 -40 3 2 fhqEpsV 1 -3 -38
-2 -36 2 2 xo64o7c 1 196607 2
0 -41 1 3 CTvKhR8 1 74819776 0
-2 -37 6 3 y4q1jWp 1 -8 -34
0 -42 2 1 hRZVOLa 1 76338590 0
-2 1 3 2 TNSqngZ 1 -3 2
-2 0 5 2 YdI9V6P 1 -5 0
-1 1 6 2 9QDao4I 1 -7 3
-1 0 4 1 wC7KeUk 1 -4 1
-1 -39 3 2 TNSqngZ 1 -4 -37
-1 -44 5 2 YdI9V6P 1 -6 -42
0 -39 6 2 9QDao4I 1 -6 -37
0 -44 4 1 wC7KeUk 1 -4 0
-1 -39 1 1 Q3BvZoB 1 0 1
1 -44 2 3 F4MtDn5 1 0 3
-1 -40 4 2 73HTyTa 1 -4 0
1 -45 6 1 23ZGTaR 1 196611 1
-1 -41 2 1 DXoXnss 1 0 1
1 -46 3 2 fhqEpsV 1 -2 -44
-1 -42 2 2 xo64o7c 1 -3 -40
1 -47 1 3 CTvKhR8 1 40748752 0
-1 -43 6 3 y4q1jWp 1 -7 -40
1 -48 2 1 hRZVOLa 1 196608 1
-1 -5 3 2 TNSqngZ 1 0 2
-1 -6 5 2 YdI9V6P 1 1 0
0 -5 6 2 9QDao4I 1 -6 -3
0 -6 4 1 wC7KeUk 1 -4 1
0 -45 3 2 TNSqngZ 1 -3 -43
0 -50 5 2 YdI9V6P 1 76679755 0
1 -45 6 2 9QDao4I 1 76118192 0
1 -50 4 1 wC7KeUk 1 -3 -49
0 -45 1 1 Q3BvZoB 1 131074 1
2 -50 2 3 F4MtDn5 1 65536 0
0 -46 4 2 73HTyTa 1 -4 -44
2 -51 6 1 23ZGTaR 1 3 1
0 -47 2 1 DXoXnss 1 -2 1
2 -52 3 2 fhqEpsV 1 196609 0
0 -48 2 2 xo64o7c 1 40618510 0
2 -53 1 3 CTvKhR8 1 196608 0
0 -49 6 3 y4q1jWp 1 -6 -46
2 -54 2 1 hRZVOLa 1 0 0
0 -11 3 2 TNSqngZ 1 0 2
0 -12 5 2 YdI9V6P 1 196611 0
1 -11 6 2 9QDao4I 1 -5 -9
1 -12 4 1 wC7KeUk 1 0 1
0 49 3 2 TNSqngZ 1 74851309 2
0 44 5 2 YdI9V6P 1 -5 46
1 49 6 2 9QDao4I 1 0 2
1 44 4 1 wC7KeUk 1 -3 45
0 49 1 1 Q3BvZoB 1 0 0
2 44 2 3 F4MtDn5 1 -2 3
0 48 4 2 73HTyTa 1 -4 0
2 43 6 1 23ZGTaR 1 76266378 0
0 47 2 1 DXoXnss 1 0 1
2 42 3 2 fhqEpsV 1 40745248 2
0 46 2 2 xo64o7c 1 40676382 0
2 41 1 3 CTvKhR8 1 0 0
0 45 6 3 y4q1jWp 1 -6 48
2 40 2 1 hRZVOLa 1 0 0
1 -17 3 2 TNSqngZ 1 196608 0
1 -18 5 2 YdI9V6P 1 0 0
2 -17 6 2 9QDao4I 1 -4 -15
2 -18 4 1 wC7KeUk 1 0 1
1 43 3 2 TNSqngZ 1 -2 45
1 38 5 2 YdI9V6P 1 -4 40
2 43 6 2 9QDao4I 1 -4 45
2 38 4 1 wC7KeUk 1 40500096 1
1 43 1 1 Q3BvZoB 1 131073 1
3 38 2 3 F4MtDn5 1 1 41
1 42 4 2 73HTyTa 1 -4 0
3 37 6 1 23ZGTaR 1 131074 1
1 41 2 1 DXoXnss 1 0 1
3 36 3 2 fhqEpsV 1 0 38
1 40 2 2 xo64o7c 1 40688958 0
3 35 1 3 CTvKhR8 1 65535 0
1 39 6 3 y4q1jWp 1 -5 42
3 34 2 1 hRZVOLa 1 0 0
2 -23 3 2 TNSqngZ 1 0 2
2 -24 5 2 YdI9V6P 1 196610 0
3 -23 6 2 9QDao4I 1 -3 -21
3 -24 4 1 wC7KeUk 1 0 1
2 37 3 2 TNSqngZ 1 -1 39
2 32 5 2 YdI9V6P 1 -3 34
3 37 6 2 9QDao4I 1 -3 39
3 32 4 1 wC7KeUk 1 40663616 1
2 37 1 1 Q3BvZoB 1 196610 1
4 32 2 3 F4MtDn5 1 2 35
2 36 4 2 73HTyTa 1 -4 0
4 31 6 1 23ZGTaR 1 3 1
2 35 2 1 DXoXnss 1 0 1
4 30 3 2 fhqEpsV 1 40749853 2
2 34 2 2 xo64o7c 1 74955006 0
4 29 1 3 CTvKhR8 1 3 32
2 33 6 3 y4q1jWp 1 -4 36
4 28 2 1 hRZVOLa 1 0 1
3 -29 3 2 TNSqngZ 1 0 2
3 -30 5 2 YdI9V6P 1 2 0
4 -29 6 2 9QDao4I 1 -2 -27
4 -30 4 1 wC7KeUk 1 -4 1
3 31 3 2 TNSqngZ 1 0 33
3 26 5 2 YdI9V6P 1 65539 2
4 31 6 2 9QDao4I 1 -2 33
4 26 4 1 wC7KeUk 1 40467324 0
3 31 1 1 Q3BvZoB 1 2 32
5 26 2 3 F4MtDn5 1 3 29
3 30 4 2 73HTyTa 1 40473708 0
5 25 6 1 23ZGTaR 1 -6 0
3 29 2 1 DXoXnss 1 40512000 1
5 24 3 2 fhqEpsV 1 40251728 2
3 28 2 2 xo64o7c 1 -2 0
5 23 1 3 CTvKhR8 1 40227167 0
3 27 6 3 y4q1jWp 1 -3 30
5 22 2 1 hRZVOLa 1 0 1
4 -35 3 2 TNSqngZ 1 40655840 2
4 -36 5 2 YdI9V6P 1 40641728 0
5 -35 6 2 9QDao4I 1 -1 -33
5 -36 4 1 wC7KeUk 1 -4 1
4 25 3 2 TNSqngZ 1 1 27
4 20 5 2 YdI9V6P 1 -1 22
5 25 6 2 9QDao4I 1 -1 27
5 20 4 1 wC7KeUk 1 40229520 1
4 25 1 1 Q3BvZoB 1 0 1
6 20 2 3 F4MtDn5 1 4 23
4 24 4 2 73HTyTa 1 40486844 0
6 19 6 1 23ZGTaR 1 40685072 1
4 23 2 1 DXoXnss 1 0 1
6 18 3 2 fhqEpsV 1 3 20
4 22 2 2 xo64o7c 1 -2 0
6 17 1 3 CTvKhR8 1 40694863 0
4 21 6 3 y4q1jWp 1 -2 24
6 16 2 1 hRZVOLa 1 50916176 1
5 -41 3 2 TNSqngZ 1 40406464 2
5 -42 5 2 YdI9V6P 1 0 0
6 -41 6 2 9QDao4I 1 0 -39
6 -42 4 1 wC7KeUk 1 40425296 1
5 19 3 2 TNSqngZ 1 40402560 0
5 14 5 2 YdI9V6P 1 -5 2
6 19 6 2 9QDao4I 1 0 21
6 14 4 1 wC7KeUk 1 40498560 1
5 19 1 1 Q3BvZoB 1 40466080 1
7 14 2 3 F4MtDn5 1 5 17
5 18 4 2 73HTyTa 1 1 20
7 13 6 1 23ZGTaR 1 0 1
5 17 2 1 DXoXnss 1 40521838 0
7 12 3 2 fhqEpsV 1 4 14
5 16 2 2 xo64o7c 1 3 18
7 11 1 3 CTvKhR8 1 40463775 0
5 15 6 3 y4q1jWp 1 -1 18
7 10 2 1 hRZVOLa 1 40505904 0
6 -47 3 2 TNSqngZ 1 -3 0
6 -48 5 2 YdI9V6P 1 40208432 0
7 -47 6 2 9QDao4I 1 1 -45
7 -48 4 1 wC7KeUk 1 40212752 1
6 13 3 2 TNSqngZ 1 40509744 0
6 8 5 2 YdI9V6P 1 40246683 2
7 13 6 2 9QDao4I 1 1 15
7 8 4 1 wC7KeUk 1 40498848 1
6 13 1 1 Q3BvZoB 1 40494816 1
8 8 2 3 F4MtDn5 1 6 11
6 12 4 2 73HTyTa 1 40654540 2
8 7 6 1 23ZGTaR 1 0 1
6 11 2 1 DXoXnss 1 40688814 0
8 6 3 2 fhqEpsV 1 5 8
6 10 2 2 xo64o7c 1 4 12
8 5 1 3 CTvKhR8 1 40748031 0
6 9 6 3 y4q1jWp 1 0 12
8 4 2 1 hRZVOLa 1 40661600 1
6 47 3 2 TNSqngZ 1 40523277 0
6 46 5 2 YdI9V6P 1 0 0
7 47 6 2 9QDao4I 1 40219904 2
7 46 4 1 wC7KeUk 1 50909072 1
7 7 3 2 TNSqngZ 1 0 0
7 2 5 2 YdI9V6P 1 50901675 2
8 7 6 2 9QDao4I 1 2 9
8 2 4 1 wC7KeUk 1 40410928 1
7 7 1 1 Q3BvZoB 1 0 1
9 2 2 3 F4MtDn5 1 7 5
7 6 4 2 73HTyTa 1 40454492 0
9 1 6 1 23ZGTaR 1 40496496 1
7 5 2 1 DXoXnss 1 5 6
9 0 3 2 fhqEpsV 1 6 2
7 4 2 2 xo64o7c 1 5 6
9 -1 1 3 CTvKhR8 1 40484447 0
7 3 6 3 y4q1jWp 1 1 6
9 -2 2 1 hRZVOLa 1 0 1
7 41 3 2 TNSqngZ 1 0 2
7 40 5 2 YdI9V6P 1 0 0
8 41 6 2 9QDao4I 1 2 43
8 40 4 1 wC7KeUk 1 40214000 1
8 1 3 2 TNSqngZ 1 40453728 0
8 -4 5 2 YdI9V6P 1 40629355 0
9 1 6 2 9QDao4I 1 3 3
9 -4 4 1 wC7KeUk 1 40241264 1
8 1 1 1 Q3BvZoB 1 0 1
10 -4 2 3 F4MtDn5 1 8 -1
8 0 4 2 73HTyTa 1 40518044 0
10 -5 6 1 23ZGTaR 1 40442640 1
8 -1 2 1 DXoXnss 1 6 0
10 -6 3 2 fhqEpsV 1 7 -4
8 -2 2 2 xo64o7c 1 40250526 0
10 -7 1 3 CTvKhR8 1 0 0
8 -3 6 3 y4q1jWp 1 2 0
10 -8 2 1 hRZVOLa 1 40508734 0
8 35 3 2 TNSqngZ 1 0 2
8 34 5 2 YdI9V6P 1 0 0
9 35 6 2 9QDao4I 1 3 37
9 34 4 1 wC7KeUk 1 0 1
9 -5 3 2 TNSqngZ 1 0 0
9 -10 5 2 YdI9V6P 1 4 -8
10 -5 6 2 9QDao4I 1 4 -3
10 -10 4 1 wC7KeUk 1 -4 1
9 -5 1 1 Q3BvZoB 1 0 1
11 -10 2 3 F4MtDn5 1 0 3
9 -6 4 2 73HTyTa 1 -4 0
11 -11 6 1 23ZGTaR 1 0 1
9 -7 2 1 DXoXnss 1 7 -6
11 -12 3 2 fhqEpsV 1 40453968 0
9 -8 2 2 xo64o7c 1 7 -6
11 -13 1 3 CTvKhR8 1 -1 3
9 -9 6 3 y4q1jWp 1 3 -6
11 -14 2 1 hRZVOLa 1 40421550 1
9 29 3 2 TNSqngZ 1 40623024 2
9 28 5 2 YdI9V6P 1 40498512 0
10 29 6 2 9QDao4I 1 4 31
10 28 4 1 wC7KeUk 1 0 1
10 -11 3 2 TNSqngZ 1 40622397 0
10 -16 5 2 YdI9V6P 1 0 2
11 -11 6 2 9QDao4I 1 5 -9
11 -16 4 1 wC7KeUk 1 40204492 0
10 -11 1 1 Q3BvZoB 1 40235135 1
12 -16 2 3 F4MtDn5 1 10 -13
10 -12 4 2 73HTyTa 1 6 -10
12 -17 6 1 23ZGTaR 1 0 1
10 -13 2 1 DXoXnss 1 8 -12
12 -18 3 2 fhqEpsV 1 9 -16
10 -14 2 2 xo64o7c 1 40467182 0
12 -19 1 3 CTvKhR8 1 11 -16
10 -15 6 3 y4q1jWp 1 4 -12
12 -20 2 1 hRZVOLa 1 0 1
10 23 3 2 TNSqngZ 1 40485216 2
10 22 5 2 YdI9V6P 1 0 0
11 23 6 2 9QDao4I 1 5 25
11 22 4 1 wC7KeUk 1 0 1
11 -17 3 2 TNSqngZ 1 8 -15
11 -22 5 2 YdI9V6P 1 0 2
12 -17 6 2 9QDao4I 1 6 -15
12 -22 4 1 wC7KeUk 1 40636540 0
11 -17 1 1 Q3BvZoB 1 40696208 1
13 -22 2 3 F4MtDn5 1 11 -19
11 -18 4 2 73HTyTa 1 -4 0
13 -23 6 1 23ZGTaR 1 40505568 1
11 -19 2 1 DXoXnss 1 40448544 1
13 -24 3 2 fhqEpsV 1 10 -22
11 -20 2 2 xo64o7c 1 40508446 0
13 -25 1 3 CTvKhR8 1 40632287 0
11 -21 6 3 y4q1jWp 1 5 -18
13 -26 2 1 hRZVOLa 1 40752736 1
11 17 3 2 TNSqngZ 1 40228512 2
11 16 5 2 YdI9V6P 1 40218800 0
12 17 6 2 9QDao4I 1 6 19
12 16 4 1 wC7KeUk 1 50894784 1
12 -23 3 2 TNSqngZ 1 -3 0
12 -28 5 2 YdI9V6P 1 7 -26
13 -23 6 2 9QDao4I 1 7 -21
13 -28 4 1 wC7KeUk 1 0 1
12 -23 1 1 Q3BvZoB 1 0 1
14 -28 2 3 F4MtDn5 1 12 -25
12 -24 4 2 73HTyTa 1 8 -22
14 -29 6 1 23ZGTaR 1 -6 1
12 -25 2 1 DXoXnss 1 40251056 1
14 -30 3 2 fhqEpsV 1 0 2
12 -26 2 2 xo64o7c 1 -2 0
14 -31 1 3 CTvKhR8 1 -1 0
12 -27 6 3 y4q1jWp 1 6 -24
14 -32 2 1 hRZVOLa 1 40612752 0
12 11 3 2 TNSqngZ 1 0 2
12 10 5 2 YdI9V6P 1 0 0
13 11 6 2 9QDao4I 1 7 13
13 10 4 1 wC7KeUk 1 40218512 1
13 -29 3 2 TNSqngZ 1 -3 0
13 -34 5 2 YdI9V6P 1 -5 0
14 -29 6 2 9QDao4I 1 8 -27
14 -34 4 1 wC7KeUk 1 40612656 1
13 -29 1 1 Q3BvZoB 1 0 0
15 -34 2 3 F4MtDn5 1 13 -31
13 -30 4 2 73HTyTa 1 9 -28
15 -35 6 1 23ZGTaR 1 50894688 1
13 -31 2 1 DXoXnss 1 40704350 0
15 -36 3 2 fhqEpsV 1 12 -34
13 -32 2 2 xo64o7c 1 40648158 0
15 -37 1 3 CTvKhR8 1 -1 0
13 -33 6 3 y4q1jWp 1 7 -30
15 -38 2 1 hRZVOLa 1 50902496 1
13 5 3 2 TNSqngZ 1 -3 0
13 4 5 2 YdI9V6P 1 40470784 2
14 5 6 2 9QDao4I 1 8 7
14 4 4 1 wC7KeUk 1 40511376 0
14 -35 3 2 TNSqngZ 1 11 -33
14 -40 5 2 YdI9V6P 1 9 -38
15 -35 6 2 9QDao4I 1 9 -33
15 -40 4 1 wC7KeUk 1 50902588 0
14 -35 1 1 Q3BvZoB 1 -1 0
16 -40 2 3 F4MtDn5 1 14 -37
14 -36 4 2 73HTyTa 1 40236860 0
16 -41 6 1 23ZGTaR 1 40643648 1
14 -37 2 1 DXoXnss 1 0 1
16 -42 3 2 fhqEpsV 1 13 -40
14 -38 2 2 xo64o7c 1 40214622 0
16 -43 1 3 CTvKhR8 1 50887871 0
14 -39 6 3 y4q1jWp 1 8 -36
16 -44 2 1 hRZVOLa 1 50887536 1
14 -1 3 2 TNSqngZ 1 -3 2
14 -2 5 2 YdI9V6P 1 0 2
15 -1 6 2 9QDao4I 1 9 1
15 -2 4 1 wC7KeUk 1 40479168 0
15 -41 3 2 TNSqngZ 1 -3 0
15 -46 5 2 YdI9V6P 1 10 -44
16 -41 6 2 9QDao4I 1 10 -39
16 -46 4 1 wC7KeUk 1 40666492 0
15 -41 1 1 Q3BvZoB 1 50883472 1
17 -46 2 3 F4MtDn5 1 15 -43
15 -42 4 2 73HTyTa 1 11 -40
17 -47 6 1 23ZGTaR 1 -6 0
15 -43 2 1 DXoXnss 1 0 1
17 -48 3 2 fhqEpsV 1 0 2
15 -44 2 2 xo64o7c 1 40463342 0
17 -49 1 3 CTvKhR8 1 40267231 0
15 -45 6 3 y4q1jWp 1 9 -42
17 -50 2 1 hRZVOLa 1 40235760 1
15 -7 3 2 TNSqngZ 1 40652336 2
15 -8 5 2 YdI9V6P 1 0 0
16 -7 6 2 9QDao4I 1 10 -5
16 -8 4 1 wC7KeUk 1 40213616 1
16 -47 3 2 TNSqngZ 1 13 -45
16 -52 5 2 YdI9V6P 1 -5 0
17 -47 6 2 9QDao4I 1 11 -45
17 -52 4 1 wC7KeUk 1 76275072 1
16 -47 1 1 Q3BvZoB 1 0 1
18 -52 2 3 F4MtDn5 1 -1 0
16 -48 4 2 73HTyTa 1 -4 0
18 -53 6 1 23ZGTaR 1 0 0
16 -49 2 1 DXoXnss 1 0 1
18 -54 3 2 fhqEpsV 1 196609 0
16 -50 2 2 xo64o7c 1 74672942 0
18 -55 1 3 CTvKhR8 1 -1 0
16 -51 6 3 y4q1jWp 1 10 -48
18 -56 2 1 hRZVOLa 1 0 0
16 -13 3 2 TNSqngZ 1 0 2
16 -14 5 2 YdI9V6P 1 65537 0
17 -13 6 2 9QDao4I 1 11 -11
17 -14 4 1 wC7KeUk 1 0 1
16 47 3 2 TNSqngZ 1 74479533 2
16 42 5 2 YdI9V6P 1 196610 2
17 47 6 2 9QDao4I 1 0 2
17 42 4 1 wC7KeUk 1 -4 0
16 47 1 1 Q3BvZoB 1 0 0
18 42 2 3 F4MtDn5 1 16 45
16 46 4 2 73HTyTa 1 196610 0
18 41 6 1 23ZGTaR 1 196611 1
16 45 2 1 DXoXnss 1 -2 1
18 40 3 2 fhqEpsV 1 15 42
16 44 2 2 xo64o7c 1 74581502 0
18 39 1 3 CTvKhR8 1 0 0
16 43 6 3 y4q1jWp 1 10 46
18 38 2 1 hRZVOLa 1 196611 1
17 -19 3 2 TNSqngZ 1 -3 2
17 -20 5 2 YdI9V6P 1 2 0
18 -19 6 2 9QDao4I 1 196611 2
18 -20 4 1 wC7KeUk 1 0 1
17 41 3 2 TNSqngZ 1 14 43
17 36 5 2 YdI9V6P 1 12 38
18 41 6 2 9QDao4I 1 12 43
18 36 4 1 wC7KeUk 1 -4 0
17 41 1 1 Q3BvZoB 1 65537 1
19 36 2 3 F4MtDn5 1 17 39
17 40 4 2 73HTyTa 1 -4 0
19 35 6 1 23ZGTaR 1 0 1
17 39 2 1 DXoXnss 1 0 1
19 34 3 2 fhqEpsV 1 16 36
17 38 2 2 xo64o7c 1 40830958 0
19 33 1 3 CTvKhR8 1 18 36
17 37 6 3 y4q1jWp 1 11 40
19 32 2 1 hRZVOLa 1 65537 1
18 -25 3 2 TNSqngZ 1 -3 2
18 -26 5 2 YdI9V6P 1 40649936 2
19 -25 6 2 9QDao4I 1 13 -23
19 -26 4 1 wC7KeUk 1 -1 0
18 35 3 2 TNSqngZ 1 -3 0
18 30 5 2 YdI9V6P 1 131072 2
19 35 6 2 9QDao4I 1 13 37
19 30 4 1 wC7KeUk 1 -4 0
18 35 1 1 Q3BvZoB 1 1 1
20 30 2 3 F4MtDn5 1 18 33
18 34 4 2 73HTyTa 1 14 36
20 29 6 1 23ZGTaR 1 131074 1
18 33 2 1 DXoXnss 1 65534 0
20 28 3 2 fhqEpsV 1 17 30
18 32 2 2 xo64o7c 1 74417934 0
20 27 1 3 CTvKhR8 1 196607 0
18 31 6 3 y4q1jWp 1 12 34
20 26 2 1 hRZVOLa 1 65537 1
19 -31 3 2 TNSqngZ 1 0 2
19 -32 5 2 YdI9V6P 1 40619707 2
20 -31 6 2 9QDao4I 1 14 -29
20 -32 4 1 wC7KeUk 1 40622352 0
19 29 3 2 TNSqngZ 1 16 31
19 24 5 2 YdI9V6P 1 14 26
20 29 6 2 9QDao4I 1 14 31
20 24 4 1 wC7KeUk 1 76343536 1
19 29 1 1 Q3BvZoB 1 196609 1
21 24 2 3 F4MtDn5 1 19 27
19 28 4 2 73HTyTa 1 -4 0
21 23 6 1 23ZGTaR 1 1 1
19 27 2 1 DXoXnss 1 0 1
21 22 3 2 fhqEpsV 1 18 24
19 26 2 2 xo64o7c 1 74298926 0
21 21 1 3 CTvKhR8 1 196608 0
19 25 6 3 y4q1jWp 1 13 28
21 20 2 1 hRZVOLa 1 196608 1
20 -37 3 2 TNSqngZ 1 0 2
20 -38 5 2 YdI9V6P 1 65537 0
21 -37 6 2 9QDao4I 1 15 -35
21 -38 4 1 wC7KeUk 1 0 1
20 23 3 2 TNSqngZ 1 65536 0
20 18 5 2 YdI9V6P 1 131068 2
21 23 6 2 9QDao4I 1 15 25
21 18 4 1 wC7KeUk 1 -4 0
20 23 1 1 Q3BvZoB 1 131074 1
22 18 2 3 F4MtDn5 1 20 21
20 22 4 2 73HTyTa 1 76108540 2
22 17 6 1 23ZGTaR 1 75074090 0
20 21 2 1 DXoXnss 1 18 22
22 16 3 2 fhqEpsV 1 74707840 2
20 20 2 2 xo64o7c 1 65535 2
22 15 1 3 CTvKhR8 1 0 0
20 19 6 3 y4q1jWp 1 14 22
22 14 2 1 hRZVOLa 1 196609 1
21 -43 3 2 TNSqngZ 1 -3 2
21 -44 5 2 YdI9V6P 1 -5 0
22 -43 6 2 9QDao4I 1 0 0
22 -44 4 1 wC7KeUk 1 -4 1
21 17 3 2 TNSqngZ 1 18 19
21 12 5 2 YdI9V6P 1 196605 2
22 17 6 2 9QDao4I 1 16 19
22 12 4 1 wC7KeUk 1 40768656 1
21 17 1 1 Q3BvZoB 1 131072 1
23 12 2 3 F4MtDn5 1 21 15
21 16 4 2 73HTyTa 1 -4 0
23 11 6 1 23ZGTaR 1 40464442 0
21 15 2 1 DXoXnss 1 0 1
23 10 3 2 fhqEpsV 1 20 12
21 14 2 2 xo64o7c 1 19 16
23 9 1 3 CTvKhR8 1 196610 0
21 13 6 3 y4q1jWp 1 15 16
23 8 2 1 hRZVOLa 1 1 1
22 -49 3 2 TNSqngZ 1 0 2
22 -50 5 2 YdI9V6P 1 1 0
23 -49 6 2 9QDao4I 1 17 -47
23 -50 4 1 wC7KeUk 1 0 1
22 11 3 2 TNSqngZ 1 19 13
22 6 5 2 YdI9V6P 1 65531 2
23 11 6 2 9QDao4I 1 17 13
23 6 4 1 wC7KeUk 1 74181520 1
22 11 1 1 Q3BvZoB 1 0 1
24 6 2 3 F4MtDn5 1 22 9
22 10 4 2 73HTyTa 1 18 12
24 5 6 1 23ZGTaR 1 196604 0
22 9 2 1 DXoXnss 1 -2 0
24 4 3 2 fhqEpsV 1 65538 2
22 8 2 2 xo64o7c 1 20 10
24 3 1 3 CTvKhR8 1 -1 0
22 7 6 3 y4q1jWp 1 16 10
24 2 2 1 hRZVOLa 1 0 1
22 45 3 2 TNSqngZ 1 50880112 2
22 44 5 2 YdI9V6P 1 0 0
23 45 6 2 9QDao4I 1 17 47
23 44 4 1 wC7KeUk 1 40610112 1
23 5 3 2 TNSqngZ 1 20 7
23 0 5 2 YdI9V6P 1 -5 2
24 5 6 2 9QDao4I 1 18 7
24 0 4 1 wC7KeUk 1 0 1
23 5 1 1 Q3BvZoB 1 0 1
25 0 2 3 F4MtDn5 1 23 3
23 4 4 2 73HTyTa 1 75956428 0
25 -1 6 1 23ZGTaR 1 0 1
23 3 2 1 DXoXnss 1 74121680 1
25 -2 3 2 fhqEpsV 1 22 0
23 2 2 2 xo64o7c 1 21 4
25 -3 1 3 CTvKhR8 1 -1 0
23 1 6 3 y4q1jWp 1 17 4
25 -4 2 1 hRZVOLa 1 0 1
23 39 3 2 TNSqngZ 1 40242848 2
23 38 5 2 YdI9V6P 1 74997467 0
24 39 6 2 9QDao4I 1 40631856 0
24 38 4 1 wC7KeUk 1 75176268 1
24 -1 3 2 TNSqngZ 1 0 0
24 -6 5 2 YdI9V6P 1 -5 2
25 -1 6 2 9QDao4I 1 19 1
25 -6 4 1 wC7KeUk 1 2 1
24 -1 1 1 Q3BvZoB 1 0 1
26 -6 2 3 F4MtDn5 1 24 -3
24 -2 4 2 73HTyTa 1 131070 2
26 -7 6 1 23ZGTaR 1 0 1
24 -3 2 1 DXoXnss 1 -2 0
26 -8 3 2 fhqEpsV 1 23 -6
24 -4 2 2 xo64o7c 1 22 -2
26 -9 1 3 CTvKhR8 1 65539 0
24 -5 6 3 y4q1jWp 1 18 -2
26 -10 2 1 hRZVOLa 1 -1 0
24 33 3 2 TNSqngZ 1 75077696 2
24 32 5 2 YdI9V6P 1 0 0
25 33 6 2 9QDao4I 1 19 35
25 32 4 1 wC7KeUk 1 40254124 1
25 -7 3 2 TNSqngZ 1 0 0
25 -12 5 2 YdI9V6P 1 20 -10
26 -7 6 2 9QDao4I 1 20 -5
26 -12 4 1 wC7KeUk 1 76212636 0
25 -7 1 1 Q3BvZoB 1 0 1
27 -12 2 3 F4MtDn5 1 40489008 3
25 -8 4 2 73HTyTa 1 65533 2
27 -13 6 1 23ZGTaR 1 0 1
25 -9 2 1 DXoXnss 1 74847134 1
27 -14 3 2 fhqEpsV 1 24 -12
25 -10 2 2 xo64o7c 1 23 -8
27 -15 1 3 CTvKhR8 1 -1 0
25 -11 6 3 y4q1jWp 1 19 -8
27 -16 2 1 hRZVOLa 1 76465024 0
25 27 3 2 TNSqngZ 1 40928896 2
25 26 5 2 YdI9V6P 1 0 0
26 27 6 2 9QDao4I 1 20 29
26 26 4 1 wC7KeUk 1 76600912 1
26 -13 3 2 TNSqngZ 1 0 0
26 -18 5 2 YdI9V6P 1 21 -16
27 -13 6 2 9QDao4I 1 21 -11
27 -18 4 1 wC7KeUk 1 1 1
26 -13 1 1 Q3BvZoB 1 196609 0
28 -18 2 3 F4MtDn5 1 26 -15
26 -14 4 2 73HTyTa 1 74904412 0
28 -19 6 1 23ZGTaR 1 65531 0
26 -15 2 1 DXoXnss 1 24 -14
28 -20 3 2 fhqEpsV 1 1 2
26 -16 2 2 xo64o7c 1 65534 0
28 -21 1 3 CTvKhR8 1 65537 0
26 -17 6 3 y4q1jWp 1 20 -14
28 -22 2 1 hRZVOLa 1 26 -21
26 21 3 2 TNSqngZ 1 74076800 2
26 20 5 2 YdI9V6P 1 0 0
27 21 6 2 9QDao4I 1 21 23
27 20 4 1 wC7KeUk 1 74535664 1
27 -19 3 2 TNSqngZ 1 24 -17
27 -24 5 2 YdI9V6P 1 22 -22
28 -19 6 2 9QDao4I 1 22 -17
28 -24 4 1 wC7KeUk 1 40987148 0
27 -19 1 1 Q3BvZoB 1 0 1
29 -24 2 3 F4MtDn5 1 74565424 3
27 -20 4 2 73HTyTa 1 74851116 0
29 -25 6 1 23ZGTaR 1 0 1
27 -21 2 1 DXoXnss 1 40236144 1
29 -26 3 2 fhqEpsV 1 26 -24
27 -22 2 2 xo64o7c 1 -1 0
29 -27 1 3 CTvKhR8 1 -1 0
27 -23 6 3 y4q1jWp 1 21 -20
29 -28 2 1 hRZVOLa 1 0 1
27 15 3 2 TNSqngZ 1 74076464 2
27 14 5 2 YdI9V6P 1 0 0
28 15 6 2 9QDao4I 1 22 17
28 14 4 1 wC7KeUk 1 74745388 1
28 -25 3 2 TNSqngZ 1 25 -23
28 -30 5 2 YdI9V6P 1 23 -28
29 -25 6 2 9QDao4I 1 23 -23
29 -30 4 1 wC7KeUk 1 74185836 0
28 -25 1 1 Q3BvZoB 1 0 1
30 -30 2 3 F4MtDn5 1 28 -27
28 -26 4 2 73HTyTa 1 75092476 0
30 -31 6 1 23ZGTaR 1 0 1
28 -27 2 1 DXoXnss 1 40677296 1
30 -32 3 2 fhqEpsV 1 27 -30
28 -28 2 2 xo64o7c 1 196607 0
30 -33 1 3 CTvKhR8 1 196608 0
28 -29 6 3 y4q1jWp 1 22 -26
30 -34 2 1 hRZVOLa 1 -2 1
28 9 3 2 TNSqngZ 1 -3 0
28 8 5 2 YdI9V6P 1 0 0
29 9 6 2 9QDao4I 1 -6 2
29 8 4 1 wC7KeUk 1 74951360 1
29 -31 3 2 TNSqngZ 1 40668221 0
29 -36 5 2 YdI9V6P 1 24 -34
30 -31 6 2 9QDao4I 1 24 -29
30 -36 4 1 wC7KeUk 1 74906812 0
29 -31 1 1 Q3BvZoB 1 0 1
31 -36 2 3 F4MtDn5 1 75014992 3
29 -32 4 2 73HTyTa 1 25 -30
31 -37 6 1 23ZGTaR 1 0 1
29 -33 2 1 DXoXnss 1 40798800 1
31 -38 3 2 fhqEpsV 1 28 -36
29 -34 2 2 xo64o7c 1 196607 0
31 -39 1 3 CTvKhR8 1 131075 0
29 -35 6 3 y4q1jWp 1 23 -32
31 -40 2 1 hRZVOLa 1 131071 0
29 3 3 2 TNSqngZ 1 -3 0
29 2 5 2 YdI9V6P 1 0 0
30 3 6 2 9QDao4I 1 24 5
30 2 4 1 wC7KeUk 1 76022688 1
30 -37 3 2 TNSqngZ 1 74908733 0
30 -42 5 2 YdI9V6P 1 25 -40
31 -37 6 2 9QDao4I 1 25 -35
31 -42 4 1 wC7KeUk 1 -3 1
30 -37 1 1 Q3BvZoB 1 0 1
32 -42 2 3 F4MtDn5 1 74690080 3
30 -38 4 2 73HTyTa 1 26 -36
32 -43 6 1 23ZGTaR 1 0 1
30 -39 2 1 DXoXnss 1 -2 0
32 -44 3 2 fhqEpsV 1 0 0
30 -40 2 2 xo64o7c 1 28 -38
32 -45 1 3 CTvKhR8 1 75072991 3
30 -41 6 3 y4q1jWp 1 24 -38
32 -46 2 1 hRZVOLa 1 -2 1
30 -3 3 2 TNSqngZ 1 74525437 2
30 -4 5 2 YdI9V6P 1 0 0
31 -3 6 2 9QDao4I 1 0 2
31 -4 4 1 wC7KeUk 1 74533744 1
31 -43 3 2 TNSqngZ 1 28 -41
31 -48 5 2 YdI9V6P 1 0 2
32 -43 6 2 9QDao4I 1 26 -41
32 -48 4 1 wC7KeUk 1 74664124 0
31 -43 1 1 Q3BvZoB 1 2 0
33 -48 2 3 F4MtDn5 1 31 -45
31 -44 4 2 73HTyTa 1 27 -42
33 -49 6 1 23ZGTaR 1 0 1
31 -45 2 1 DXoXnss 1 75120638 1
33 -50 3 2 fhqEpsV 1 30 -48
31 -46 2 2 xo64o7c 1 131071 0
33 -51 1 3 CTvKhR8 1 -1 0
31 -47 6 3 y4q1jWp 1 25 -44
33 -52 2 1 hRZVOLa 1 0 1
31 -9 3 2 TNSqngZ 1 76213264 2
31 -10 5 2 YdI9V6P 1 0 0
32 -9 6 2 9QDao4I 1 26 -7
32 -10 4 1 wC7KeUk 1 40759600 1
32 -49 3 2 TNSqngZ 1 75967469 0
32 -54 5 2 YdI9V6P 1 -4 0
33 -49 6 2 9QDao4I 1 196609 0
33 -54 4 1 wC7KeUk 1 65537 1
32 -49 1 1 Q3BvZoB 1 0 1
34 -54 2 3 F4MtDn5 1 32 -51
32 -50 4 2 73HTyTa 1 28 -48
34 -55 6 1 23ZGTaR 1 0 1
32 -51 2 1 DXoXnss 1 -2 0
34 -56 3 2 fhqEpsV 1 76482925 0
32 -52 2 2 xo64o7c 1 196608 0
34 -57 1 3 CTvKhR8 1 131074 0
32 -53 6 3 y4q1jWp 1 26 -50
34 -58 2 1 hRZVOLa 1 65535 0
32 -15 3 2 TNSqngZ 1 40270544 2
32 -16 5 2 YdI9V6P 1 0 0
33 -15 6 2 9QDao4I 1 27 -13
33 -16 4 1 wC7KeUk 1 40921356 1
32 45 3 2 TNSqngZ 1 -3 2
32 40 5 2 YdI9V6P 1 0 2
33 45 6 2 9QDao4I 1 40773456 2
33 40 4 1 wC7KeUk 1 40260364 0
32 45 1 1 Q3BvZoB 1 74840560 0
34 40 2 3 F4MtDn5 1 32 43
32 44 4 2 73HTyTa 1 40987004 0
34 39 6 1 23ZGTaR 1 0 1
32 43 2 1 DXoXnss 1 40706272 1
34 38 3 2 fhqEpsV 1 31 40
32 42 2 2 xo64o7c 1 -1 0
34 37 1 3 CTvKhR8 1 -1 0
32 41 6 3 y4q1jWp 1 26 44
34 36 2 1 hRZVOLa 1 0 1
33 -21 3 2 TNSqngZ 1 40436800 2
33 -22 5 2 YdI9V6P 1 0 0
34 -21 6 2 9QDao4I 1 28 -19
34 -22 4 1 wC7KeUk 1 74708848 1
33 39 3 2 TNSqngZ 1 40723069 0
33 34 5 2 YdI9V6P 1 -5 2
34 39 6 2 9QDao4I 1 28 41
34 34 4 1 wC7KeUk 1 74475068 0
33 39 1 1 Q3BvZoB 1 0 1
35 34 2 3 F4MtDn5 1 33 37
33 38 4 2 73HTyTa 1 29 40
35 33 6 1 23ZGTaR 1 196605 0
33 37 2 1 DXoXnss 1 75088352 1
35 32 3 2 fhqEpsV 1 0 2
33 36 2 2 xo64o7c 1 31 38
35 31 1 3 CTvKhR8 1 -1 0
33 35 6 3 y4q1jWp 1 27 38
35 30 2 1 hRZVOLa 1 0 1
34 -27 3 2 TNSqngZ 1 40531392 2
34 -28 5 2 YdI9V6P 1 0 0
35 -27 6 2 9QDao4I 1 29 -25
35 -28 4 1 wC7KeUk 1 50899248 1
34 33 3 2 TNSqngZ 1 31 35
34 28 5 2 YdI9V6P 1 -5 2
35 33 6 2 9QDao4I 1 29 35
35 28 4 1 wC7KeUk 1 0 1
34 33 1 1 Q3BvZoB 1 0 1
36 28 2 3 F4MtDn5 1 34 31
34 32 4 2 73HTyTa 1 40793324 0
36 27 6 1 23ZGTaR 1 0 1
34 31 2 1 DXoXnss 1 74495136 1
36 26 3 2 fhqEpsV 1 74790077 0
34 30 2 2 xo64o7c 1 32 32
36 25 1 3 CTvKhR8 1 1 0
34 29 6 3 y4q1jWp 1 28 32
36 24 2 1 hRZVOLa 1 34 25
35 -33 3 2 TNSqngZ 1 74993008 2
35 -34 5 2 YdI9V6P 1 0 0
36 -33 6 2 9QDao4I 1 30 -31
36 -34 4 1 wC7KeUk 1 74248016 1
35 27 3 2 TNSqngZ 1 32 29
35 22 5 2 YdI9V6P 1 -5 2
36 27 6 2 9QDao4I 1 30 29
36 22 4 1 wC7KeUk 1 40698700 0
35 27 1 1 Q3BvZoB 1 0 1
37 22 2 3 F4MtDn5 1 40686560 3
35 26 4 2 73HTyTa 1 65532 2
37 21 6 1 23ZGTaR 1 0 1
35 25 2 1 DXoXnss 1 33 26
37 20 3 2 fhqEpsV 1 34 22
35 24 2 2 xo64o7c 1 33 26
37 19 1 3 CTvKhR8 1 75049759 0
35 23 6 3 y4q1jWp 1 29 26
37 18 2 1 hRZVOLa 1 76552656 1
36 -39 3 2 TNSqngZ 1 196608 2
36 -40 5 2 YdI9V6P 1 74900576 0
37 -39 6 2 9QDao4I 1 31 -37
37 -40 4 1 wC7KeUk 1 0 1
36 21 3 2 TNSqngZ 1 65536 0
36 16 5 2 YdI9V6P 1 -5 0
37 21 6 2 9QDao4I 1 0 0
37 16 4 1 wC7KeUk 1 0 1
36 21 1 1 Q3BvZoB 1 65539 0
38 16 2 3 F4MtDn5 1 36 19
36 20 4 2 73HTyTa 1 32 22
38 15 6 1 23ZGTaR 1 76582416 1
36 19 2 1 DXoXnss 1 40517566 0
38 14 3 2 fhqEpsV 1 74156224 0
36 18 2 2 xo64o7c 1 -2 0
38 13 1 3 CTvKhR8 1 40475487 0
36 17 6 3 y4q1jWp 1 30 20
38 12 2 1 hRZVOLa 1 65536 0
37 -45 3 2 TNSqngZ 1 3 2
37 -46 5 2 YdI9V6P 1 75721008 0
38 -45 6 2 9QDao4I 1 32 -43
38 -46 4 1 wC7KeUk 1 1 1
37 15 3 2 TNSqngZ 1 34 17
37 10 5 2 YdI9V6P 1 74234475 2
38 15 6 2 9QDao4I 1 32 17
38 10 4 1 wC7KeUk 1 0 1
37 15 1 1 Q3BvZoB 1 75855360 1
39 10 2 3 F4MtDn5 1 37 13
37 14 4 2 73HTyTa 1 196606 0
39 9 6 1 23ZGTaR 1 50913344 1
37 13 2 1 DXoXnss 1 35 14
39 8 3 2 fhqEpsV 1 36 10
37 12 2 2 xo64o7c 1 35 14
39 7 1 3 CTvKhR8 1 40984799 0
37 11 6 3 y4q1jWp 1 31 14
39 6 2 1 hRZVOLa 1 40711024 1
37 49 3 2 TNSqngZ 1 196607 2
37 48 5 2 YdI9V6P 1 32 50
38 49 6 2 9QDao4I 1 40742992 2
38 48 4 1 wC7KeUk 1 65536 1
38 9 3 2 TNSqngZ 1 40713232 0
38 4 5 2 YdI9V6P 1 40203819 2
39 9 6 2 9QDao4I 1 33 11
39 4 4 1 wC7KeUk 1 0 1
38 9 1 1 Q3BvZoB 1 74873632 1
40 4 2 3 F4MtDn5 1 38 7
38 8 4 2 73HTyTa 1 -4 2
40 3 6 1 23ZGTaR 1 40930282 1
38 7 2 1 DXoXnss 1 65535 1
40 2 3 2 fhqEpsV 1 0 2
38 6 2 2 xo64o7c 1 36 8
40 1 1 3 CTvKhR8 1 75705887 0
38 5 6 3 y4q1jWp 1 32 8
40 0 2 1 hRZVOLa 1 74921360 1
38 43 3 2 TNSqngZ 1 196608 2
38 42 5 2 YdI9V6P 1 0 2
39 43 6 2 9QDao4I 1 33 45
39 42 4 1 wC7KeUk 1 0 0
39 3 3 2 TNSqngZ 1 -2 0
39 -2 5 2 YdI9V6P 1 34 0
40 3 6 2 9QDao4I 1 34 5
40 -2 4 1 wC7KeUk 1 0 1
39 3 1 1 Q3BvZoB 1 196609 0
41 -2 2 3 F4MtDn5 1 39 1
39 2 4 2 73HTyTa 1 35 4
41 -3 6 1 23ZGTaR 1 40204112 1
39 1 2 1 DXoXnss 1 40715630 0
41 -4 3 2 fhqEpsV 1 38 -2
39 0 2 2 xo64o7c 1 -2 0
41 -5 1 3 CTvKhR8 1 40664047 0
39 -1 6 3 y4q1jWp 1 33 2
41 -6 2 1 hRZVOLa 1 76108592 1
39 37 3 2 TNSqngZ 1 196608 2
39 36 5 2 YdI9V6P 1 40940512 0
40 37 6 2 9QDao4I 1 34 39
40 36 4 1 wC7KeUk 1 196610 1
40 -3 3 2 TNSqngZ 1 41052880 0
40 -8 5 2 YdI9V6P 1 35 -6
41 -3 6 2 9QDao4I 1 35 -1
41 -8 4 1 wC7KeUk 1 196606 0
40 -3 1 1 Q3BvZoB 1 40726000 1
42 -8 2 3 F4MtDn5 1 40 -5
40 -4 4 2 73HTyTa 1 -3 0
42 -9 6 1 23ZGTaR 1 40723504 1
40 -5 2 1 DXoXnss 1 38 -4
42 -10 3 2 fhqEpsV 1 39 -8
40 -6 2 2 xo64o7c 1 -2 0
42 -11 1 3 CTvKhR8 1 50915311 0
40 -7 6 3 y4q1jWp 1 34 -4
42 -12 2 1 hRZVOLa 1 3 0
40 31 3 2 TNSqngZ 1 3 2
40 30 5 2 YdI9V6P 1 75726144 0
41 31 6 2 9QDao4I 1 35 33
41 30 4 1 wC7KeUk 1 65532 1
41 -9 3 2 TNSqngZ 1 38 -7
41 -14 5 2 YdI9V6P 1 -5 0
42 -9 6 2 9QDao4I 1 0 0
42 -14 4 1 wC7KeUk 1 0 1
41 -9 1 1 Q3BvZoB 1 74555104 1
43 -14 2 3 F4MtDn5 1 41 -11
41 -10 4 2 73HTyTa 1 196607 0
43 -15 6 1 23ZGTaR 1 74141152 1
41 -11 2 1 DXoXnss 1 39 -10
43 -16 3 2 fhqEpsV 1 40 -14
41 -12 2 2 xo64o7c 1 -2 0
43 -17 1 3 CTvKhR8 1 42 -14
41 -13 6 3 y4q1jWp 1 35 -10
43 -18 2 1 hRZVOLa 1 -2 0
41 25 3 2 TNSqngZ 1 -1 2
41 24 5 2 YdI9V6P 1 75077072 0
42 25 6 2 9QDao4I 1 75843312 2
42 24 4 1 wC7KeUk 1 131074 1
42 -15 3 2 TNSqngZ 1 74137552 0
42 -20 5 2 YdI9V6P 1 37 -18
43 -15 6 2 9QDao4I 1 37 -13
43 -20 4 1 wC7KeUk 1 -4 1
42 -15 1 1 Q3BvZoB 1 40733968 1
44 -20 2 3 F4MtDn5 1 131075 3
42 -16 4 2 73HTyTa 1 38 -14
44 -21 6 1 23ZGTaR 1 74141392 1
42 -17 2 1 DXoXnss 1 0 0
44 -22 3 2 fhqEpsV 1 41 -20
42 -18 2 2 xo64o7c 1 74227614 2
44 -23 1 3 CTvKhR8 1 0 0
42 -19 6 3 y4q1jWp 1 36 -16
44 -24 2 1 hRZVOLa 1 74507374 1
42 19 3 2 TNSqngZ 1 74604893 0
42 18 5 2 YdI9V6P 1 40507344 0
43 19 6 2 9QDao4I 1 74157712 2
43 18 4 1 wC7KeUk 1 1 1
43 -21 3 2 TNSqngZ 1 75853680 0
43 -26 5 2 YdI9V6P 1 38 -24
44 -21 6 2 9QDao4I 1 38 -19
44 -26 4 1 wC7KeUk 1 65535 0
43 -21 1 1 Q3BvZoB 1 75712752 1
45 -26 2 3 F4MtDn5 1 196609 3
43 -22 4 2 73HTyTa 1 -4 2
45 -27 6 1 23ZGTaR 1 40212032 1
43 -23 2 1 DXoXnss 1 196606 1
45 -28 3 2 fhqEpsV 1 42 -26
43 -24 2 2 xo64o7c 1 -2 0
45 -29 1 3 CTvKhR8 1 44 -26
43 -25 6 3 y4q1jWp 1 37 -22
45 -30 2 1 hRZVOLa 1 74924144 1
43 13 3 2 TNSqngZ 1 40 15
43 12 5 2 YdI9V6P 1 74575552 0
44 13 6 2 9QDao4I 1 40515648 2
44 12 4 1 wC7KeUk 1 131072 1
44 -27 3 2 TNSqngZ 1 196607 0
44 -32 5 2 YdI9V6P 1 75905072 2
45 -27 6 2 9QDao4I 1 0 0
45 -32 4 1 wC7KeUk 1 40920064 0
44 -27 1 1 Q3BvZoB 1 40741888 1
46 -32 2 3 F4MtDn5 1 44 -29
44 -28 4 2 73HTyTa 1 40 -26
46 -33 6 1 23ZGTaR 1 131073 0
44 -29 2 1 DXoXnss 1 40704878 0
46 -34 3 2 fhqEpsV 1 43 -32
44 -30 2 2 xo64o7c 1 -2 0
46 -35 1 3 CTvKhR8 1 74709039 0
44 -31 6 3 y4q1jWp 1 38 -28
46 -36 2 1 hRZVOLa 1 76285056 1
44 7 3 2 TNSqngZ 1 196609 2
44 6 5 2 YdI9V6P 1 40976928 0
45 7 6 2 9QDao4I 1 39 9
45 6 4 1 wC7KeUk 1 196608 1
45 -33 3 2 TNSqngZ 1 42 -31
45 -38 5 2 YdI9V6P 1 40418427 2
46 -33 6 2 9QDao4I 1 40 -31
46 -38 4 1 wC7KeUk 1 -3 0
45 -33 1 1 Q3BvZoB 1 65536 0
47 -38 2 3 F4MtDn5 1 45 -35
45 -34 4 2 73HTyTa 1 -4 2
47 -39 6 1 23ZGTaR 1 196609 0
45 -35 2 1 DXoXnss 1 1 1
47 -40 3 2 fhqEpsV 1 44 -38
45 -36 2 2 xo64o7c 1 40465070 2
47 -41 1 3 CTvKhR8 1 40461903 0
45 -37 6 3 y4q1jWp 1 39 -34
47 -42 2 1 hRZVOLa 1 41027568 1
45 1 3 2 TNSqngZ 1 40440397 0
45 0 5 2 YdI9V6P 1 75822128 0
46 1 6 2 9QDao4I 1 76237344 2
46 0 4 1 wC7KeUk 1 3 1
46 -39 3 2 TNSqngZ 1 43 -37
46 -44 5 2 YdI9V6P 1 41 -42
47 -39 6 2 9QDao4I 1 3 2
47 -44 4 1 wC7KeUk 1 -2 0
46 -39 1 1 Q3BvZoB 1 40732768 1
48 -44 2 3 F4MtDn5 1 46 -41
46 -40 4 2 73HTyTa 1 -3 0
48 -45 6 1 23ZGTaR 1 0 0
46 -41 2 1 DXoXnss 1 196610 1
48 -46 3 2 fhqEpsV 1 45 -44
46 -42 2 2 xo64o7c 1 -2 0
48 -47 1 3 CTvKhR8 1 40620431 0
46 -43 6 3 y4q1jWp 1 40 -40
48 -48 2 1 hRZVOLa 1 74734864 1
46 -5 3 2 TNSqngZ 1 131072 2
46 -6 5 2 YdI9V6P 1 74698192 0
47 -5 6 2 9QDao4I 1 74087168 2
47 -6 4 1 wC7KeUk 1 196610 1
47 -45 3 2 TNSqngZ 1 44 -43
47 -50 5 2 YdI9V6P 1 -5 0
48 -45 6 2 9QDao4I 1 65537 2
48 -50 4 1 wC7KeUk 1 0 1
47 -45 1 1 Q3BvZoB 1 40707184 1
49 -50 2 3 F4MtDn5 1 74085390 0
47 -46 4 2 73HTyTa 1 196604 0
49 -51 6 1 23ZGTaR 1 75937808 1
47 -47 2 1 DXoXnss 1 131073 1
49 -52 3 2 fhqEpsV 1 76006608 0
47 -48 2 2 xo64o7c 1 -2 0
49 -53 1 3 CTvKhR8 1 74640991 0
47 -49 6 3 y4q1jWp 1 41 -46
49 -54 2 1 hRZVOLa 1 196609 0
47 -11 3 2 TNSqngZ 1 40893613 0
47 -12 5 2 YdI9V6P 1 40454352 0
48 -11 6 2 9QDao4I 1 75779360 2
48 -12 4 1 wC7KeUk 1 65537 1
47 49 3 2 TNSqngZ 1 -3 2
47 44 5 2 YdI9V6P 1 74910171 2
48 49 6 2 9QDao4I 1 1 2
48 44 4 1 wC7KeUk 1 196606 0
47 49 1 1 Q3BvZoB 1 65536 0
49 44 2 3 F4MtDn5 1 1 3
47 48 4 2 73HTyTa 1 131070 0
49 43 6 1 23ZGTaR 1 76174576 1
47 47 2 1 DXoXnss 1 196610 1
49 42 3 2 fhqEpsV 1 65534 0
47 46 2 2 xo64o7c 1 0 0
49 41 1 3 CTvKhR8 1 48 44
47 45 6 3 y4q1jWp 1 41 48
49 40 2 1 hRZVOLa 1 40214816 1
48 -17 3 2 TNSqngZ 1 131072 2
48 -18 5 2 YdI9V6P 1 74523424 0
49 -17 6 2 9QDao4I 1 75782816 2
49 -18 4 1 wC7KeUk 1 1 1
48 43 3 2 TNSqngZ 1 45 45
48 38 5 2 YdI9V6P 1 75067328 2
49 43 6 2 9QDao4I 1 0 0
49 38 4 1 wC7KeUk 1 196605 0
48 43 1 1 Q3BvZoB 1 40453056 1
50 38 2 3 F4MtDn5 1 48 41
48 42 4 2 73HTyTa 1 44 44
50 37 6 1 23ZGTaR 1 40701488 1
48 41 2 1 DXoXnss 1 46 42
50 36 3 2 fhqEpsV 1 47 38
48 40 2 2 xo64o7c 1 -2 0
50 35 1 3 CTvKhR8 1 75917071 0
48 39 6 3 y4q1jWp 1 42 42
50 34 2 1 hRZVOLa 1 -1 0
49 -23 3 2 TNSqngZ 1 -3 2
49 -24 5 2 YdI9V6P 1 1 0
50 -23 6 2 9QDao4I 1 65539 2
50 -24 4 1 wC7KeUk 1 40247888 1
49 37 3 2 TNSqngZ 1 65536 0
49 32 5 2 YdI9V6P 1 40767835 0
50 37 6 2 9QDao4I 1 44 39
50 32 4 1 wC7KeUk 1 74974768 1
49 37 1 1 Q3BvZoB 1 65537 1
51 32 2 3 F4MtDn5 1 131072 0
49 36 4 2 73HTyTa 1 40898700 0
51 31 6 1 23ZGTaR 1 1 1
49 35 2 1 DXoXnss 1 47 36
51 30 3 2 fhqEpsV 1 65536 0
49 34 2 2 xo64o7c 1 40443742 0
51 29 1 3 CTvKhR8 1 196609 0
49 33 6 3 y4q1jWp 1 43 36
51 28 2 1 hRZVOLa 1 40209152 0
