43
41331	19819	6000	1000	Tirana	0	0	0
42507	1521	16000	1000	Andorra-la-Vella	0	0	0
53967	27576	5000	1000	Minsk	0	0	0
50837	4367	8000	1000	Bruessel	0	0	0
43860	18421	8000	1000	Sarajevo	0	0	0
42710	23323	5000	1000	Sofia	0	0	0
55676	12568	10000	1000	Kopenhagen	0	0	0
52523	13411	6000	1000	Berlin	0	0	0
59438	24754	7000	1000	Tallinn	0	0	0
60169	24938	8000	1000	Helsinki	0	0	0
48856	2351	5000	1000	Paris	0	0	0
37979	23716	5000	1000	Athen	0	0	0
51500	-126	6000	1000	London	0	0	0
53344	-6267	6000	1000	Dublin	0	0	0
64135	-21895	9000	1000	Reykjavik	0	0	0
41895	12482	3000	1000	Rom	0	0	0
45815	15978	6000	1000	Zagreb	0	0	0
56946	24104	4000	1000	Riga	0	0	0
47141	9521	5000	1000	Vaduz	0	0	0
54689	25279	7000	1000	Vilnius	0	0	0
49610	6129	9000	1000	Luxemburg	0	0	0
35904	14518	8000	1000	Valletta	0	0	0
42002	21436	6000	1000	Skopje	0	0	0
47016	28849	8000	1000	Chisinau	0	0	0
43732	7418	6000	1000	Monaco	0	0	0
42460	19259	9000	1000	Podgorica	0	0	0
52373	4891	9000	1000	Amsterdam	0	0	0
59913	10738	4000	1000	Oslo	0	0	0
48209	16372	4000	1000	Wien	0	0	0
52229	21012	8000	1000	Warschau	0	0	0
38707	-9135	8000	1000	Lissabon	0	0	0
44447	26097	8000	1000	Bukarest	0	0	0
55755	37617	6000	1000	Moskau	0	0	0
43942	12457	10000	1000	San-Marino	0	0	0
59332	18064	9000	1000	Stockholm	0	0	0
46948	7448	4000	1000	Bern	0	0	0
44804	20478	7000	1000	Belgrad	0	0	0
48211	17154	10000	1000	Bratislava	0	0	0
46051	14506	9000	1000	Ljubljana	0	0	0
40416	-3703	6000	1000	Madrid	0	0	0
50087	14420	4000	1000	Prag	0	0	0
50442	30536	4000	1000	Kiew	0	0	0
47498	19040	8000	1000	Budapest	0	0	0
