47
34515	69195	50000	10000	Kabul	0	0	0
40159	44509	60000	10000	Eriwan	0	0	0
40383	49893	40000	10000	Baku	0	0	0
26192	50535	60000	10000	Manama	0	0	0
23710	90397	50000	10000	Dhaka	0	0	0
27440	89673	70000	10000	Thimphu	0	0	0
4943	114942	190000	10000	Bandar-Seri-Begawan	0	0	0
39905	116395	60000	10000	Peking	0	0	0
41701	44793	60000	10000	Tiflis	0	0	0
28635	77225	90000	10000	Neu-Delhi	0	0	0
-6186	106806	70000	10000	Jakarta	0	0	0
33315	44392	60000	10000	Bagdad	0	0	0
35706	51435	70000	10000	Teheran	0	0	0
31785	35200	90000	10000	Jerusalem	0	0	0
35678	139682	50000	10000	Tokio	0	0	0
15355	44208	50000	10000	Sanaa	0	0	0
31939	35934	50000	10000	Amman	0	0	0
11543	104898	100000	10000	Phnom-Penh	0	0	0
51179	71447	60000	10000	Astana	0	0	0
25294	51508	40000	10000	Doha	0	0	0
42867	74598	70000	10000	Bishkek	0	0	0
29372	47982	60000	10000	Kuwait	0	0	0
17968	102613	90000	10000	Vientiane	0	0	0
33887	35513	60000	10000	Beirut	0	0	0
3150	101707	120000	10000	Kuala-Lumpur	0	0	0
4174	73510	40000	10000	Male	0	0	0
47913	106922	100000	10000	Ulan-Bator	0	0	0
19737	96208	80000	10000	Pyinmana	0	0	0
27705	85315	90000	10000	Kathmandu	0	0	0
39018	125746	90000	10000	Pjöngjang	0	0	0
23608	58592	60000	10000	Maskat	0	0	0
33675	73094	90000	10000	Islamabad	0	0	0
14579	120972	60000	10000	Manila	0	0	0
24674	46697	40000	10000	Riad	0	0	0
1289	103850	80000	10000	Singapur	0	0	0
6915	79857	70000	10000	Colombo	0	0	0
33515	36293	80000	10000	Damaskus	0	0	0
37513	126982	50000	10000	Seoul	0	0	0
38573	68773	80000	10000	Dushanbe	0	0	0
13757	100502	70000	10000	Bangkok	0	0	0
-8566	125588	40000	10000	Dili	0	0	0
39943	32856	60000	10000	Ankara	0	0	0
37950	58379	80000	10000	Ashgabat	0	0	0
41319	69248	80000	10000	Tashkent	0	0	0
24476	54370	90000	10000	Abu-Dhabi	0	0	0
21034	105837	50000	10000	Hanoi	0	0	0
35167	33373	70000	10000	Nikosia	0	0	0
