14
-35282	149128	8000	1000	Canberra	0	0	0
-18141	178441	4000	1000	Suva	0	0	0
1328	172978	7000	1000	Bairiki	0	0	0
7116	171366	6000	1000	Darrit	0	0	0
6917	158185	11000	1000	Mikronesien	0	0	0
-543	166919	5000	1000	Yaren	0	0	0
-41286	174776	10000	1000	Wellington	0	0	0
7500	134624	8000	1000	Melekeok	0	0	0
-9465	147196	7000	1000	Moresby	0	0	0
-9433	159950	7000	1000	Honiara	0	0	0
-13831	-171751	4000	1000	Apia	0	0	0
-21136	-175216	10000	1000	Nuku'alofa	0	0	0
-8521	179198	6000	1000	Vaiaku	0	0	0
-17740	168321	4000	1000	Vila	0	0	0
