54
30057	31227	50000	10000	Kairo	0	0	0
36775	3059	60000	10000	Algier	0	0	0
-8815	13230	60000	10000	Luanda	0	0	0
3752	8774	60000	10000	Malabo	0	0	0
9008	38757	50000	10000	Abeba	0	0	0
6477	2632	40000	10000	Novo	0	0	0
-24657	25908	80000	10000	Gaborone	0	0	0
12356	-1535	110000	10000	Ouagadougou	0	0	0
-3381	29362	90000	10000	Bujumbura	0	0	0
6806	-5272	120000	10000	Yamoussoukro	0	0	0
11580	43142	90000	10000	Dschibuti	0	0	0
15331	38918	60000	10000	Asmara	0	0	0
385	9449	100000	10000	Libreville	0	0	0
13439	-16677	60000	10000	Banjul	0	0	0
5540	-207	50000	10000	Accra	0	0	0
9537	-13678	70000	10000	Conakry	0	0	0
11859	-15587	60000	10000	Bissau	0	0	0
3861	11521	60000	10000	Jaunde	0	0	0
14919	-23515	50000	10000	Praia	0	0	0
-1276	36796	70000	10000	Nairobi	0	0	0
-11700	43241	60000	10000	Moroni	0	0	0
-4276	15266	110000	10000	Brazzaville	0	0	0
-4336	15327	80000	10000	Kinshasa	0	0	0
-29297	27485	60000	10000	Maseru	0	0	0
6310	-10804	80000	10000	Monrovia	0	0	0
32883	13189	80000	10000	Tripolis	0	0	0
-18920	47523	120000	10000	Antananarivo	0	0	0
-13989	33770	80000	10000	Lilongwe	0	0	0
12653	-7986	60000	10000	Bamako	0	0	0
33990	-6870	50000	10000	Rabat	0	0	0
18066	-15990	100000	10000	Nouakchott	0	0	0
-20165	57489	50000	10000	Louis	0	0	0
-25968	32580	60000	10000	Maputo	0	0	0
-22574	17080	70000	10000	Windhuk	0	0	0
13516	2115	60000	10000	Niamey	0	0	0
9058	7489	50000	10000	Abuja	0	0	0
-1944	30061	60000	10000	Kigali	0	0	0
-15414	28280	60000	10000	Lusaka	0	0	0
336	6731	40000	10000	Tome	0	0	0
14695	-17443	50000	10000	Dakar	0	0	0
-4616	55450	80000	10000	Victoria	0	0	0
8469	-13265	80000	10000	Freetown	0	0	0
-17822	31049	60000	10000	Harare	0	0	0
2041	45342	90000	10000	Mogadishu	0	0	0
15550	32532	80000	10000	Khartoum	0	0	0
4849	31604	40000	10000	Juba	0	0	0
-26318	31141	70000	10000	Mbabane	0	0	0
-25746	28187	80000	10000	Pretoria	0	0	0
-6167	35749	60000	10000	Dodoma	0	0	0
6122	1225	40000	10000	Lome	0	0	0
12112	15035	90000	10000	N'djamena	0	0	0
36811	10176	50000	10000	Tunis	0	0	0
313	32571	70000	10000	Kampala	0	0	0
4362	18587	60000	10000	Bangui	0	0	0
