14
-35282	149128	80000	10000	Canberra	0	0	0
-18141	178441	40000	10000	Suva	0	0	0
1328	172978	70000	10000	Bairiki	0	0	0
7116	171366	60000	10000	Darrit	0	0	0
6917	158185	110000	10000	Mikronesien	0	0	0
-543	166919	50000	10000	Yaren	0	0	0
-41286	174776	100000	10000	Wellington	0	0	0
7500	134624	80000	10000	Melekeok	0	0	0
-9465	147196	70000	10000	Moresby	0	0	0
-9433	159950	70000	10000	Honiara	0	0	0
-13831	-171751	40000	10000	Apia	0	0	0
-21136	-175216	100000	10000	Nuku'alofa	0	0	0
-8521	179198	60000	10000	Vaiaku	0	0	0
-17740	168321	40000	10000	Vila	0	0	0
