35
17117	-61845	120000	10000	Saint-John's	0	0	0
-34611	-58417	120000	10000	Buenos-Aires	0	0	0
25066	-77339	60000	10000	Nassau	0	0	0
13093	-59610	100000	10000	Bridgetown	0	0	0
17253	-88771	80000	10000	Belmopan	0	0	0
-19042	-65255	50000	10000	Sucre	0	0	0
-15780	-47929	80000	10000	Brasilia	0	0	0
-33469	-70642	80000	10000	Santiago	0	0	0
9940	-84100	40000	10000	Jose	0	0	0
15297	-61390	60000	10000	Roseau	0	0	0
18479	-69890	70000	10000	Domingo	0	0	0
-229	-78524	50000	10000	Quito	0	0	0
13703	-89207	80000	10000	Salvador	0	0	0
12054	-61748	80000	10000	George's	0	0	0
14624	-90532	90000	10000	Guatemala	0	0	0
6804	-58154	100000	10000	Georgetown	0	0	0
18539	-72328	60000	10000	Prince	0	0	0
14082	-87206	110000	10000	Tegucigalpa	0	0	0
17992	-76792	80000	10000	Kingston	0	0	0
45423	-75697	60000	10000	Ottawa	0	0	0
4647	-74096	60000	10000	Bogota	0	0	0
23133	-82366	70000	10000	Havanna	0	0	0
19427	-99127	60000	10000	Mexico	0	0	0
12147	-86273	70000	10000	Managua	0	0	0
8994	-79518	60000	10000	Panama	0	0	0
-25300	-57636	80000	10000	Asuncion	0	0	0
-12093	-77046	40000	10000	Lima	0	0	0
17296	-62713	100000	10000	Basseterre	0	0	0
13997	-61001	80000	10000	Castries	0	0	0
13203	-61265	90000	10000	Kingstown	0	0	0
5823	-55167	100000	10000	Paramaribo	0	0	0
10659	-61478	50000	10000	Spain	0	0	0
-34894	-56067	100000	10000	Montevideo	0	0	0
10496	-66898	70000	10000	Caracas	0	0	0
38892	-77024	100000	10000	Washington	0	0	0
