43
41331	19819	60000	10000	Tirana	0	0	0
42507	1521	160000	10000	Andorra-la-Vella	0	0	0
53967	27576	50000	10000	Minsk	0	0	0
50837	4367	80000	10000	Bruessel	0	0	0
43860	18421	80000	10000	Sarajevo	0	0	0
42710	23323	50000	10000	Sofia	0	0	0
55676	12568	100000	10000	Kopenhagen	0	0	0
52523	13411	60000	10000	Berlin	0	0	0
59438	24754	70000	10000	Tallinn	0	0	0
60169	24938	80000	10000	Helsinki	0	0	0
48856	2351	50000	10000	Paris	0	0	0
37979	23716	50000	10000	Athen	0	0	0
51500	-126	60000	10000	London	0	0	0
53344	-6267	60000	10000	Dublin	0	0	0
64135	-21895	90000	10000	Reykjavik	0	0	0
41895	12482	30000	10000	Rom	0	0	0
45815	15978	60000	10000	Zagreb	0	0	0
56946	24104	40000	10000	Riga	0	0	0
47141	9521	50000	10000	Vaduz	0	0	0
54689	25279	70000	10000	Vilnius	0	0	0
49610	6129	90000	10000	Luxemburg	0	0	0
35904	14518	80000	10000	Valletta	0	0	0
42002	21436	60000	10000	Skopje	0	0	0
47016	28849	80000	10000	Chisinau	0	0	0
43732	7418	60000	10000	Monaco	0	0	0
42460	19259	90000	10000	Podgorica	0	0	0
52373	4891	90000	10000	Amsterdam	0	0	0
59913	10738	40000	10000	Oslo	0	0	0
48209	16372	40000	10000	Wien	0	0	0
52229	21012	80000	10000	Warschau	0	0	0
38707	-9135	80000	10000	Lissabon	0	0	0
44447	26097	80000	10000	Bukarest	0	0	0
55755	37617	60000	10000	Moskau	0	0	0
43942	12457	100000	10000	San-Marino	0	0	0
59332	18064	90000	10000	Stockholm	0	0	0
46948	7448	40000	10000	Bern	0	0	0
44804	20478	70000	10000	Belgrad	0	0	0
48211	17154	100000	10000	Bratislava	0	0	0
46051	14506	90000	10000	Ljubljana	0	0	0
40416	-3703	60000	10000	Madrid	0	0	0
50087	14420	40000	10000	Prag	0	0	0
50442	30536	40000	10000	Kiew	0	0	0
47498	19040	80000	10000	Budapest	0	0	0
