35
17117	-61845	12000	1000	Saint-John's	0	0	0
-34611	-58417	12000	1000	Buenos-Aires	0	0	0
25066	-77339	6000	1000	Nassau	0	0	0
13093	-59610	10000	1000	Bridgetown	0	0	0
17253	-88771	8000	1000	Belmopan	0	0	0
-19042	-65255	5000	1000	Sucre	0	0	0
-15780	-47929	8000	1000	Brasilia	0	0	0
-33469	-70642	8000	1000	Santiago	0	0	0
9940	-84100	4000	1000	Jose	0	0	0
15297	-61390	6000	1000	Roseau	0	0	0
18479	-69890	7000	1000	Domingo	0	0	0
-229	-78524	5000	1000	Quito	0	0	0
13703	-89207	8000	1000	Salvador	0	0	0
12054	-61748	8000	1000	George's	0	0	0
14624	-90532	9000	1000	Guatemala	0	0	0
6804	-58154	10000	1000	Georgetown	0	0	0
18539	-72328	6000	1000	Prince	0	0	0
14082	-87206	11000	1000	Tegucigalpa	0	0	0
17992	-76792	8000	1000	Kingston	0	0	0
45423	-75697	6000	1000	Ottawa	0	0	0
4647	-74096	6000	1000	Bogota	0	0	0
23133	-82366	7000	1000	Havanna	0	0	0
19427	-99127	6000	1000	Mexico	0	0	0
12147	-86273	7000	1000	Managua	0	0	0
8994	-79518	6000	1000	Panama	0	0	0
-25300	-57636	8000	1000	Asuncion	0	0	0
-12093	-77046	4000	1000	Lima	0	0	0
17296	-62713	10000	1000	Basseterre	0	0	0
13997	-61001	8000	1000	Castries	0	0	0
13203	-61265	9000	1000	Kingstown	0	0	0
5823	-55167	10000	1000	Paramaribo	0	0	0
10659	-61478	5000	1000	Spain	0	0	0
-34894	-56067	10000	1000	Montevideo	0	0	0
10496	-66898	7000	1000	Caracas	0	0	0
38892	-77024	10000	1000	Washington	0	0	0
