47
34515	69195	5000	1000	Kabul	0	0	0
40159	44509	6000	1000	Eriwan	0	0	0
40383	49893	4000	1000	Baku	0	0	0
26192	50535	6000	1000	Manama	0	0	0
23710	90397	5000	1000	Dhaka	0	0	0
27440	89673	7000	1000	Thimphu	0	0	0
4943	114942	19000	1000	Bandar-Seri-Begawan	0	0	0
39905	116395	6000	1000	Peking	0	0	0
41701	44793	6000	1000	Tiflis	0	0	0
28635	77225	9000	1000	Neu-Delhi	0	0	0
-6186	106806	7000	1000	Jakarta	0	0	0
33315	44392	6000	1000	Bagdad	0	0	0
35706	51435	7000	1000	Teheran	0	0	0
31785	35200	9000	1000	Jerusalem	0	0	0
35678	139682	5000	1000	Tokio	0	0	0
15355	44208	5000	1000	Sanaa	0	0	0
31939	35934	5000	1000	Amman	0	0	0
11543	104898	10000	1000	Phnom-Penh	0	0	0
51179	71447	6000	1000	Astana	0	0	0
25294	51508	4000	1000	Doha	0	0	0
42867	74598	7000	1000	Bishkek	0	0	0
29372	47982	6000	1000	Kuwait	0	0	0
17968	102613	9000	1000	Vientiane	0	0	0
33887	35513	6000	1000	Beirut	0	0	0
3150	101707	12000	1000	Kuala-Lumpur	0	0	0
4174	73510	4000	1000	Male	0	0	0
47913	106922	10000	1000	Ulan-Bator	0	0	0
19737	96208	8000	1000	Pyinmana	0	0	0
27705	85315	9000	1000	Kathmandu	0	0	0
39018	125746	9000	1000	Pjöngjang	0	0	0
23608	58592	6000	1000	Maskat	0	0	0
33675	73094	9000	1000	Islamabad	0	0	0
14579	120972	6000	1000	Manila	0	0	0
24674	46697	4000	1000	Riad	0	0	0
1289	103850	8000	1000	Singapur	0	0	0
6915	79857	7000	1000	Colombo	0	0	0
33515	36293	8000	1000	Damaskus	0	0	0
37513	126982	5000	1000	Seoul	0	0	0
38573	68773	8000	1000	Dushanbe	0	0	0
13757	100502	7000	1000	Bangkok	0	0	0
-8566	125588	4000	1000	Dili	0	0	0
39943	32856	6000	1000	Ankara	0	0	0
37950	58379	8000	1000	Ashgabat	0	0	0
41319	69248	8000	1000	Tashkent	0	0	0
24476	54370	9000	1000	Abu-Dhabi	0	0	0
21034	105837	5000	1000	Hanoi	0	0	0
35167	33373	7000	1000	Nikosia	0	0	0
