193
30057	31227	50000	10000	Kairo	0	0	0
36775	3059	60000	10000	Algier	0	0	0
-8815	13230	60000	10000	Luanda	0	0	0
3752	8774	60000	10000	Malabo	0	0	0
9008	38757	50000	10000	Abeba	0	0	0
6477	2632	40000	10000	Novo	0	0	0
-24657	25908	80000	10000	Gaborone	0	0	0
12356	-1535	110000	10000	Ouagadougou	0	0	0
-3381	29362	90000	10000	Bujumbura	0	0	0
6806	-5272	120000	10000	Yamoussoukro	0	0	0
11580	43142	90000	10000	Dschibuti	0	0	0
15331	38918	60000	10000	Asmara	0	0	0
385	9449	100000	10000	Libreville	0	0	0
13439	-16677	60000	10000	Banjul	0	0	0
5540	-207	50000	10000	Accra	0	0	0
9537	-13678	70000	10000	Conakry	0	0	0
11859	-15587	60000	10000	Bissau	0	0	0
3861	11521	60000	10000	Jaunde	0	0	0
14919	-23515	50000	10000	Praia	0	0	0
-1276	36796	70000	10000	Nairobi	0	0	0
-11700	43241	60000	10000	Moroni	0	0	0
-4276	15266	110000	10000	Brazzaville	0	0	0
-4336	15327	80000	10000	Kinshasa	0	0	0
-29297	27485	60000	10000	Maseru	0	0	0
6310	-10804	80000	10000	Monrovia	0	0	0
32883	13189	80000	10000	Tripolis	0	0	0
-18920	47523	120000	10000	Antananarivo	0	0	0
-13989	33770	80000	10000	Lilongwe	0	0	0
12653	-7986	60000	10000	Bamako	0	0	0
33990	-6870	50000	10000	Rabat	0	0	0
18066	-15990	100000	10000	Nouakchott	0	0	0
-20165	57489	50000	10000	Louis	0	0	0
-25968	32580	60000	10000	Maputo	0	0	0
-22574	17080	70000	10000	Windhuk	0	0	0
13516	2115	60000	10000	Niamey	0	0	0
9058	7489	50000	10000	Abuja	0	0	0
-1944	30061	60000	10000	Kigali	0	0	0
-15414	28280	60000	10000	Lusaka	0	0	0
336	6731	40000	10000	Tome	0	0	0
14695	-17443	50000	10000	Dakar	0	0	0
-4616	55450	80000	10000	Victoria	0	0	0
8469	-13265	80000	10000	Freetown	0	0	0
-17822	31049	60000	10000	Harare	0	0	0
2041	45342	90000	10000	Mogadishu	0	0	0
15550	32532	80000	10000	Khartoum	0	0	0
4849	31604	40000	10000	Juba	0	0	0
-26318	31141	70000	10000	Mbabane	0	0	0
-25746	28187	80000	10000	Pretoria	0	0	0
-6167	35749	60000	10000	Dodoma	0	0	0
6122	1225	40000	10000	Lome	0	0	0
12112	15035	90000	10000	N'djamena	0	0	0
36811	10176	50000	10000	Tunis	0	0	0
313	32571	70000	10000	Kampala	0	0	0
4362	18587	60000	10000	Bangui	0	0	0
17117	-61845	120000	10000	Saint-John's	0	0	0
-34611	-58417	120000	10000	Buenos-Aires	0	0	0
25066	-77339	60000	10000	Nassau	0	0	0
13093	-59610	100000	10000	Bridgetown	0	0	0
17253	-88771	80000	10000	Belmopan	0	0	0
-19042	-65255	50000	10000	Sucre	0	0	0
-15780	-47929	80000	10000	Brasilia	0	0	0
-33469	-70642	80000	10000	Santiago	0	0	0
9940	-84100	40000	10000	Jose	0	0	0
15297	-61390	60000	10000	Roseau	0	0	0
18479	-69890	70000	10000	Domingo	0	0	0
-229	-78524	50000	10000	Quito	0	0	0
13703	-89207	80000	10000	Salvador	0	0	0
12054	-61748	80000	10000	George's	0	0	0
14624	-90532	90000	10000	Guatemala	0	0	0
6804	-58154	100000	10000	Georgetown	0	0	0
18539	-72328	60000	10000	Prince	0	0	0
14082	-87206	110000	10000	Tegucigalpa	0	0	0
17992	-76792	80000	10000	Kingston	0	0	0
45423	-75697	60000	10000	Ottawa	0	0	0
4647	-74096	60000	10000	Bogota	0	0	0
23133	-82366	70000	10000	Havanna	0	0	0
19427	-99127	60000	10000	Mexico	0	0	0
12147	-86273	70000	10000	Managua	0	0	0
8994	-79518	60000	10000	Panama	0	0	0
-25300	-57636	80000	10000	Asuncion	0	0	0
-12093	-77046	40000	10000	Lima	0	0	0
17296	-62713	100000	10000	Basseterre	0	0	0
13997	-61001	80000	10000	Castries	0	0	0
13203	-61265	90000	10000	Kingstown	0	0	0
5823	-55167	100000	10000	Paramaribo	0	0	0
10659	-61478	50000	10000	Spain	0	0	0
-34894	-56067	100000	10000	Montevideo	0	0	0
10496	-66898	70000	10000	Caracas	0	0	0
38892	-77024	100000	10000	Washington	0	0	0
34515	69195	50000	10000	Kabul	0	0	0
40159	44509	60000	10000	Eriwan	0	0	0
40383	49893	40000	10000	Baku	0	0	0
26192	50535	60000	10000	Manama	0	0	0
23710	90397	50000	10000	Dhaka	0	0	0
27440	89673	70000	10000	Thimphu	0	0	0
4943	114942	190000	10000	Bandar-Seri-Begawan	0	0	0
39905	116395	60000	10000	Peking	0	0	0
41701	44793	60000	10000	Tiflis	0	0	0
28635	77225	90000	10000	Neu-Delhi	0	0	0
-6186	106806	70000	10000	Jakarta	0	0	0
33315	44392	60000	10000	Bagdad	0	0	0
35706	51435	70000	10000	Teheran	0	0	0
31785	35200	90000	10000	Jerusalem	0	0	0
35678	139682	50000	10000	Tokio	0	0	0
15355	44208	50000	10000	Sanaa	0	0	0
31939	35934	50000	10000	Amman	0	0	0
11543	104898	100000	10000	Phnom-Penh	0	0	0
51179	71447	60000	10000	Astana	0	0	0
25294	51508	40000	10000	Doha	0	0	0
42867	74598	70000	10000	Bishkek	0	0	0
29372	47982	60000	10000	Kuwait	0	0	0
17968	102613	90000	10000	Vientiane	0	0	0
33887	35513	60000	10000	Beirut	0	0	0
3150	101707	120000	10000	Kuala-Lumpur	0	0	0
4174	73510	40000	10000	Male	0	0	0
47913	106922	100000	10000	Ulan-Bator	0	0	0
19737	96208	80000	10000	Pyinmana	0	0	0
27705	85315	90000	10000	Kathmandu	0	0	0
39018	125746	90000	10000	Pjöngjang	0	0	0
23608	58592	60000	10000	Maskat	0	0	0
33675	73094	90000	10000	Islamabad	0	0	0
14579	120972	60000	10000	Manila	0	0	0
24674	46697	40000	10000	Riad	0	0	0
1289	103850	80000	10000	Singapur	0	0	0
6915	79857	70000	10000	Colombo	0	0	0
33515	36293	80000	10000	Damaskus	0	0	0
37513	126982	50000	10000	Seoul	0	0	0
38573	68773	80000	10000	Dushanbe	0	0	0
13757	100502	70000	10000	Bangkok	0	0	0
-8566	125588	40000	10000	Dili	0	0	0
39943	32856	60000	10000	Ankara	0	0	0
37950	58379	80000	10000	Ashgabat	0	0	0
41319	69248	80000	10000	Tashkent	0	0	0
24476	54370	90000	10000	Abu-Dhabi	0	0	0
21034	105837	50000	10000	Hanoi	0	0	0
35167	33373	70000	10000	Nikosia	0	0	0
41331	19819	60000	10000	Tirana	0	0	0
42507	1521	160000	10000	Andorra-la-Vella	0	0	0
53967	27576	50000	10000	Minsk	0	0	0
50837	4367	80000	10000	Bruessel	0	0	0
43860	18421	80000	10000	Sarajevo	0	0	0
42710	23323	50000	10000	Sofia	0	0	0
55676	12568	100000	10000	Kopenhagen	0	0	0
52523	13411	60000	10000	Berlin	0	0	0
59438	24754	70000	10000	Tallinn	0	0	0
60169	24938	80000	10000	Helsinki	0	0	0
48856	2351	50000	10000	Paris	0	0	0
37979	23716	50000	10000	Athen	0	0	0
51500	-126	60000	10000	London	0	0	0
53344	-6267	60000	10000	Dublin	0	0	0
64135	-21895	90000	10000	Reykjavik	0	0	0
41895	12482	30000	10000	Rom	0	0	0
45815	15978	60000	10000	Zagreb	0	0	0
56946	24104	40000	10000	Riga	0	0	0
47141	9521	50000	10000	Vaduz	0	0	0
54689	25279	70000	10000	Vilnius	0	0	0
49610	6129	90000	10000	Luxemburg	0	0	0
35904	14518	80000	10000	Valletta	0	0	0
42002	21436	60000	10000	Skopje	0	0	0
47016	28849	80000	10000	Chisinau	0	0	0
43732	7418	60000	10000	Monaco	0	0	0
42460	19259	90000	10000	Podgorica	0	0	0
52373	4891	90000	10000	Amsterdam	0	0	0
59913	10738	40000	10000	Oslo	0	0	0
48209	16372	40000	10000	Wien	0	0	0
52229	21012	80000	10000	Warschau	0	0	0
38707	-9135	80000	10000	Lissabon	0	0	0
44447	26097	80000	10000	Bukarest	0	0	0
55755	37617	60000	10000	Moskau	0	0	0
43942	12457	100000	10000	San-Marino	0	0	0
59332	18064	90000	10000	Stockholm	0	0	0
46948	7448	40000	10000	Bern	0	0	0
44804	20478	70000	10000	Belgrad	0	0	0
48211	17154	100000	10000	Bratislava	0	0	0
46051	14506	90000	10000	Ljubljana	0	0	0
40416	-3703	60000	10000	Madrid	0	0	0
50087	14420	40000	10000	Prag	0	0	0
50442	30536	40000	10000	Kiew	0	0	0
47498	19040	80000	10000	Budapest	0	0	0
-35282	149128	80000	10000	Canberra	0	0	0
-18141	178441	40000	10000	Suva	0	0	0
1328	172978	70000	10000	Bairiki	0	0	0
7116	171366	60000	10000	Darrit	0	0	0
6917	158185	110000	10000	Mikronesien	0	0	0
-543	166919	50000	10000	Yaren	0	0	0
-41286	174776	100000	10000	Wellington	0	0	0
7500	134624	80000	10000	Melekeok	0	0	0
-9465	147196	70000	10000	Moresby	0	0	0
-9433	159950	70000	10000	Honiara	0	0	0
-13831	-171751	40000	10000	Apia	0	0	0
-21136	-175216	100000	10000	Nuku'alofa	0	0	0
-8521	179198	60000	10000	Vaiaku	0	0	0
-17740	168321	40000	10000	Vila	0	0	0
