193
30057	31227	5000	1000	Kairo	0	0	0
36775	3059	6000	1000	Algier	0	0	0
-8815	13230	6000	1000	Luanda	0	0	0
3752	8774	6000	1000	Malabo	0	0	0
9008	38757	5000	1000	Abeba	0	0	0
6477	2632	4000	1000	Novo	0	0	0
-24657	25908	8000	1000	Gaborone	0	0	0
12356	-1535	11000	1000	Ouagadougou	0	0	0
-3381	29362	9000	1000	Bujumbura	0	0	0
6806	-5272	12000	1000	Yamoussoukro	0	0	0
11580	43142	9000	1000	Dschibuti	0	0	0
15331	38918	6000	1000	Asmara	0	0	0
385	9449	10000	1000	Libreville	0	0	0
13439	-16677	6000	1000	Banjul	0	0	0
5540	-207	5000	1000	Accra	0	0	0
9537	-13678	7000	1000	Conakry	0	0	0
11859	-15587	6000	1000	Bissau	0	0	0
3861	11521	6000	1000	Jaunde	0	0	0
14919	-23515	5000	1000	Praia	0	0	0
-1276	36796	7000	1000	Nairobi	0	0	0
-11700	43241	6000	1000	Moroni	0	0	0
-4276	15266	11000	1000	Brazzaville	0	0	0
-4336	15327	8000	1000	Kinshasa	0	0	0
-29297	27485	6000	1000	Maseru	0	0	0
6310	-10804	8000	1000	Monrovia	0	0	0
32883	13189	8000	1000	Tripolis	0	0	0
-18920	47523	12000	1000	Antananarivo	0	0	0
-13989	33770	8000	1000	Lilongwe	0	0	0
12653	-7986	6000	1000	Bamako	0	0	0
33990	-6870	5000	1000	Rabat	0	0	0
18066	-15990	10000	1000	Nouakchott	0	0	0
-20165	57489	5000	1000	Louis	0	0	0
-25968	32580	6000	1000	Maputo	0	0	0
-22574	17080	7000	1000	Windhuk	0	0	0
13516	2115	6000	1000	Niamey	0	0	0
9058	7489	5000	1000	Abuja	0	0	0
-1944	30061	6000	1000	Kigali	0	0	0
-15414	28280	6000	1000	Lusaka	0	0	0
336	6731	4000	1000	Tome	0	0	0
14695	-17443	5000	1000	Dakar	0	0	0
-4616	55450	8000	1000	Victoria	0	0	0
8469	-13265	8000	1000	Freetown	0	0	0
-17822	31049	6000	1000	Harare	0	0	0
2041	45342	9000	1000	Mogadishu	0	0	0
15550	32532	8000	1000	Khartoum	0	0	0
4849	31604	4000	1000	Juba	0	0	0
-26318	31141	7000	1000	Mbabane	0	0	0
-25746	28187	8000	1000	Pretoria	0	0	0
-6167	35749	6000	1000	Dodoma	0	0	0
6122	1225	4000	1000	Lome	0	0	0
12112	15035	9000	1000	N'djamena	0	0	0
36811	10176	5000	1000	Tunis	0	0	0
313	32571	7000	1000	Kampala	0	0	0
4362	18587	6000	1000	Bangui	0	0	0
17117	-61845	12000	1000	Saint-John's	0	0	0
-34611	-58417	12000	1000	Buenos-Aires	0	0	0
25066	-77339	6000	1000	Nassau	0	0	0
13093	-59610	10000	1000	Bridgetown	0	0	0
17253	-88771	8000	1000	Belmopan	0	0	0
-19042	-65255	5000	1000	Sucre	0	0	0
-15780	-47929	8000	1000	Brasilia	0	0	0
-33469	-70642	8000	1000	Santiago	0	0	0
9940	-84100	4000	1000	Jose	0	0	0
15297	-61390	6000	1000	Roseau	0	0	0
18479	-69890	7000	1000	Domingo	0	0	0
-229	-78524	5000	1000	Quito	0	0	0
13703	-89207	8000	1000	Salvador	0	0	0
12054	-61748	8000	1000	George's	0	0	0
14624	-90532	9000	1000	Guatemala	0	0	0
6804	-58154	10000	1000	Georgetown	0	0	0
18539	-72328	6000	1000	Prince	0	0	0
14082	-87206	11000	1000	Tegucigalpa	0	0	0
17992	-76792	8000	1000	Kingston	0	0	0
45423	-75697	6000	1000	Ottawa	0	0	0
4647	-74096	6000	1000	Bogota	0	0	0
23133	-82366	7000	1000	Havanna	0	0	0
19427	-99127	6000	1000	Mexico	0	0	0
12147	-86273	7000	1000	Managua	0	0	0
8994	-79518	6000	1000	Panama	0	0	0
-25300	-57636	8000	1000	Asuncion	0	0	0
-12093	-77046	4000	1000	Lima	0	0	0
17296	-62713	10000	1000	Basseterre	0	0	0
13997	-61001	8000	1000	Castries	0	0	0
13203	-61265	9000	1000	Kingstown	0	0	0
5823	-55167	10000	1000	Paramaribo	0	0	0
10659	-61478	5000	1000	Spain	0	0	0
-34894	-56067	10000	1000	Montevideo	0	0	0
10496	-66898	7000	1000	Caracas	0	0	0
38892	-77024	10000	1000	Washington	0	0	0
34515	69195	5000	1000	Kabul	0	0	0
40159	44509	6000	1000	Eriwan	0	0	0
40383	49893	4000	1000	Baku	0	0	0
26192	50535	6000	1000	Manama	0	0	0
23710	90397	5000	1000	Dhaka	0	0	0
27440	89673	7000	1000	Thimphu	0	0	0
4943	114942	19000	1000	Bandar-Seri-Begawan	0	0	0
39905	116395	6000	1000	Peking	0	0	0
41701	44793	6000	1000	Tiflis	0	0	0
28635	77225	9000	1000	Neu-Delhi	0	0	0
-6186	106806	7000	1000	Jakarta	0	0	0
33315	44392	6000	1000	Bagdad	0	0	0
35706	51435	7000	1000	Teheran	0	0	0
31785	35200	9000	1000	Jerusalem	0	0	0
35678	139682	5000	1000	Tokio	0	0	0
15355	44208	5000	1000	Sanaa	0	0	0
31939	35934	5000	1000	Amman	0	0	0
11543	104898	10000	1000	Phnom-Penh	0	0	0
51179	71447	6000	1000	Astana	0	0	0
25294	51508	4000	1000	Doha	0	0	0
42867	74598	7000	1000	Bishkek	0	0	0
29372	47982	6000	1000	Kuwait	0	0	0
17968	102613	9000	1000	Vientiane	0	0	0
33887	35513	6000	1000	Beirut	0	0	0
3150	101707	12000	1000	Kuala-Lumpur	0	0	0
4174	73510	4000	1000	Male	0	0	0
47913	106922	10000	1000	Ulan-Bator	0	0	0
19737	96208	8000	1000	Pyinmana	0	0	0
27705	85315	9000	1000	Kathmandu	0	0	0
39018	125746	9000	1000	Pjöngjang	0	0	0
23608	58592	6000	1000	Maskat	0	0	0
33675	73094	9000	1000	Islamabad	0	0	0
14579	120972	6000	1000	Manila	0	0	0
24674	46697	4000	1000	Riad	0	0	0
1289	103850	8000	1000	Singapur	0	0	0
6915	79857	7000	1000	Colombo	0	0	0
33515	36293	8000	1000	Damaskus	0	0	0
37513	126982	5000	1000	Seoul	0	0	0
38573	68773	8000	1000	Dushanbe	0	0	0
13757	100502	7000	1000	Bangkok	0	0	0
-8566	125588	4000	1000	Dili	0	0	0
39943	32856	6000	1000	Ankara	0	0	0
37950	58379	8000	1000	Ashgabat	0	0	0
41319	69248	8000	1000	Tashkent	0	0	0
24476	54370	9000	1000	Abu-Dhabi	0	0	0
21034	105837	5000	1000	Hanoi	0	0	0
35167	33373	7000	1000	Nikosia	0	0	0
41331	19819	6000	1000	Tirana	0	0	0
42507	1521	16000	1000	Andorra-la-Vella	0	0	0
53967	27576	5000	1000	Minsk	0	0	0
50837	4367	8000	1000	Bruessel	0	0	0
43860	18421	8000	1000	Sarajevo	0	0	0
42710	23323	5000	1000	Sofia	0	0	0
55676	12568	10000	1000	Kopenhagen	0	0	0
52523	13411	6000	1000	Berlin	0	0	0
59438	24754	7000	1000	Tallinn	0	0	0
60169	24938	8000	1000	Helsinki	0	0	0
48856	2351	5000	1000	Paris	0	0	0
37979	23716	5000	1000	Athen	0	0	0
51500	-126	6000	1000	London	0	0	0
53344	-6267	6000	1000	Dublin	0	0	0
64135	-21895	9000	1000	Reykjavik	0	0	0
41895	12482	3000	1000	Rom	0	0	0
45815	15978	6000	1000	Zagreb	0	0	0
56946	24104	4000	1000	Riga	0	0	0
47141	9521	5000	1000	Vaduz	0	0	0
54689	25279	7000	1000	Vilnius	0	0	0
49610	6129	9000	1000	Luxemburg	0	0	0
35904	14518	8000	1000	Valletta	0	0	0
42002	21436	6000	1000	Skopje	0	0	0
47016	28849	8000	1000	Chisinau	0	0	0
43732	7418	6000	1000	Monaco	0	0	0
42460	19259	9000	1000	Podgorica	0	0	0
52373	4891	9000	1000	Amsterdam	0	0	0
59913	10738	4000	1000	Oslo	0	0	0
48209	16372	4000	1000	Wien	0	0	0
52229	21012	8000	1000	Warschau	0	0	0
38707	-9135	8000	1000	Lissabon	0	0	0
44447	26097	8000	1000	Bukarest	0	0	0
55755	37617	6000	1000	Moskau	0	0	0
43942	12457	10000	1000	San-Marino	0	0	0
59332	18064	9000	1000	Stockholm	0	0	0
46948	7448	4000	1000	Bern	0	0	0
44804	20478	7000	1000	Belgrad	0	0	0
48211	17154	10000	1000	Bratislava	0	0	0
46051	14506	9000	1000	Ljubljana	0	0	0
40416	-3703	6000	1000	Madrid	0	0	0
50087	14420	4000	1000	Prag	0	0	0
50442	30536	4000	1000	Kiew	0	0	0
47498	19040	8000	1000	Budapest	0	0	0
-35282	149128	8000	1000	Canberra	0	0	0
-18141	178441	4000	1000	Suva	0	0	0
1328	172978	7000	1000	Bairiki	0	0	0
7116	171366	6000	1000	Darrit	0	0	0
6917	158185	11000	1000	Mikronesien	0	0	0
-543	166919	5000	1000	Yaren	0	0	0
-41286	174776	10000	1000	Wellington	0	0	0
7500	134624	8000	1000	Melekeok	0	0	0
-9465	147196	7000	1000	Moresby	0	0	0
-9433	159950	7000	1000	Honiara	0	0	0
-13831	-171751	4000	1000	Apia	0	0	0
-21136	-175216	10000	1000	Nuku'alofa	0	0	0
-8521	179198	6000	1000	Vaiaku	0	0	0
-17740	168321	4000	1000	Vila	0	0	0
