47
34515	69195	25000	5000	Kabul	0	0	0
40159	44509	30000	5000	Eriwan	0	0	0
40383	49893	20000	5000	Baku	0	0	0
26192	50535	30000	5000	Manama	0	0	0
23710	90397	25000	5000	Dhaka	0	0	0
27440	89673	35000	5000	Thimphu	0	0	0
4943	114942	95000	5000	Bandar-Seri-Begawan	0	0	0
39905	116395	30000	5000	Peking	0	0	0
41701	44793	30000	5000	Tiflis	0	0	0
28635	77225	45000	5000	Neu-Delhi	0	0	0
-6186	106806	35000	5000	Jakarta	0	0	0
33315	44392	30000	5000	Bagdad	0	0	0
35706	51435	35000	5000	Teheran	0	0	0
31785	35200	45000	5000	Jerusalem	0	0	0
35678	139682	25000	5000	Tokio	0	0	0
15355	44208	25000	5000	Sanaa	0	0	0
31939	35934	25000	5000	Amman	0	0	0
11543	104898	50000	5000	Phnom-Penh	0	0	0
51179	71447	30000	5000	Astana	0	0	0
25294	51508	20000	5000	Doha	0	0	0
42867	74598	35000	5000	Bishkek	0	0	0
29372	47982	30000	5000	Kuwait	0	0	0
17968	102613	45000	5000	Vientiane	0	0	0
33887	35513	30000	5000	Beirut	0	0	0
3150	101707	60000	5000	Kuala-Lumpur	0	0	0
4174	73510	20000	5000	Male	0	0	0
47913	106922	50000	5000	Ulan-Bator	0	0	0
19737	96208	40000	5000	Pyinmana	0	0	0
27705	85315	45000	5000	Kathmandu	0	0	0
39018	125746	45000	5000	Pjöngjang	0	0	0
23608	58592	30000	5000	Maskat	0	0	0
33675	73094	45000	5000	Islamabad	0	0	0
14579	120972	30000	5000	Manila	0	0	0
24674	46697	20000	5000	Riad	0	0	0
1289	103850	40000	5000	Singapur	0	0	0
6915	79857	35000	5000	Colombo	0	0	0
33515	36293	40000	5000	Damaskus	0	0	0
37513	126982	25000	5000	Seoul	0	0	0
38573	68773	40000	5000	Dushanbe	0	0	0
13757	100502	35000	5000	Bangkok	0	0	0
-8566	125588	20000	5000	Dili	0	0	0
39943	32856	30000	5000	Ankara	0	0	0
37950	58379	40000	5000	Ashgabat	0	0	0
41319	69248	40000	5000	Tashkent	0	0	0
24476	54370	45000	5000	Abu-Dhabi	0	0	0
21034	105837	25000	5000	Hanoi	0	0	0
35167	33373	35000	5000	Nikosia	0	0	0
