193
30057	31227	25000	5000	Kairo	0	0	0
36775	3059	30000	5000	Algier	0	0	0
-8815	13230	30000	5000	Luanda	0	0	0
3752	8774	30000	5000	Malabo	0	0	0
9008	38757	25000	5000	Abeba	0	0	0
6477	2632	20000	5000	Novo	0	0	0
-24657	25908	40000	5000	Gaborone	0	0	0
12356	-1535	55000	5000	Ouagadougou	0	0	0
-3381	29362	45000	5000	Bujumbura	0	0	0
6806	-5272	60000	5000	Yamoussoukro	0	0	0
11580	43142	45000	5000	Dschibuti	0	0	0
15331	38918	30000	5000	Asmara	0	0	0
385	9449	50000	5000	Libreville	0	0	0
13439	-16677	30000	5000	Banjul	0	0	0
5540	-207	25000	5000	Accra	0	0	0
9537	-13678	35000	5000	Conakry	0	0	0
11859	-15587	30000	5000	Bissau	0	0	0
3861	11521	30000	5000	Jaunde	0	0	0
14919	-23515	25000	5000	Praia	0	0	0
-1276	36796	35000	5000	Nairobi	0	0	0
-11700	43241	30000	5000	Moroni	0	0	0
-4276	15266	55000	5000	Brazzaville	0	0	0
-4336	15327	40000	5000	Kinshasa	0	0	0
-29297	27485	30000	5000	Maseru	0	0	0
6310	-10804	40000	5000	Monrovia	0	0	0
32883	13189	40000	5000	Tripolis	0	0	0
-18920	47523	60000	5000	Antananarivo	0	0	0
-13989	33770	40000	5000	Lilongwe	0	0	0
12653	-7986	30000	5000	Bamako	0	0	0
33990	-6870	25000	5000	Rabat	0	0	0
18066	-15990	50000	5000	Nouakchott	0	0	0
-20165	57489	25000	5000	Louis	0	0	0
-25968	32580	30000	5000	Maputo	0	0	0
-22574	17080	35000	5000	Windhuk	0	0	0
13516	2115	30000	5000	Niamey	0	0	0
9058	7489	25000	5000	Abuja	0	0	0
-1944	30061	30000	5000	Kigali	0	0	0
-15414	28280	30000	5000	Lusaka	0	0	0
336	6731	20000	5000	Tome	0	0	0
14695	-17443	25000	5000	Dakar	0	0	0
-4616	55450	40000	5000	Victoria	0	0	0
8469	-13265	40000	5000	Freetown	0	0	0
-17822	31049	30000	5000	Harare	0	0	0
2041	45342	45000	5000	Mogadishu	0	0	0
15550	32532	40000	5000	Khartoum	0	0	0
4849	31604	20000	5000	Juba	0	0	0
-26318	31141	35000	5000	Mbabane	0	0	0
-25746	28187	40000	5000	Pretoria	0	0	0
-6167	35749	30000	5000	Dodoma	0	0	0
6122	1225	20000	5000	Lome	0	0	0
12112	15035	45000	5000	N'djamena	0	0	0
36811	10176	25000	5000	Tunis	0	0	0
313	32571	35000	5000	Kampala	0	0	0
4362	18587	30000	5000	Bangui	0	0	0
17117	-61845	60000	5000	Saint-John's	0	0	0
-34611	-58417	60000	5000	Buenos-Aires	0	0	0
25066	-77339	30000	5000	Nassau	0	0	0
13093	-59610	50000	5000	Bridgetown	0	0	0
17253	-88771	40000	5000	Belmopan	0	0	0
-19042	-65255	25000	5000	Sucre	0	0	0
-15780	-47929	40000	5000	Brasilia	0	0	0
-33469	-70642	40000	5000	Santiago	0	0	0
9940	-84100	20000	5000	Jose	0	0	0
15297	-61390	30000	5000	Roseau	0	0	0
18479	-69890	35000	5000	Domingo	0	0	0
-229	-78524	25000	5000	Quito	0	0	0
13703	-89207	40000	5000	Salvador	0	0	0
12054	-61748	40000	5000	George's	0	0	0
14624	-90532	45000	5000	Guatemala	0	0	0
6804	-58154	50000	5000	Georgetown	0	0	0
18539	-72328	30000	5000	Prince	0	0	0
14082	-87206	55000	5000	Tegucigalpa	0	0	0
17992	-76792	40000	5000	Kingston	0	0	0
45423	-75697	30000	5000	Ottawa	0	0	0
4647	-74096	30000	5000	Bogota	0	0	0
23133	-82366	35000	5000	Havanna	0	0	0
19427	-99127	30000	5000	Mexico	0	0	0
12147	-86273	35000	5000	Managua	0	0	0
8994	-79518	30000	5000	Panama	0	0	0
-25300	-57636	40000	5000	Asuncion	0	0	0
-12093	-77046	20000	5000	Lima	0	0	0
17296	-62713	50000	5000	Basseterre	0	0	0
13997	-61001	40000	5000	Castries	0	0	0
13203	-61265	45000	5000	Kingstown	0	0	0
5823	-55167	50000	5000	Paramaribo	0	0	0
10659	-61478	25000	5000	Spain	0	0	0
-34894	-56067	50000	5000	Montevideo	0	0	0
10496	-66898	35000	5000	Caracas	0	0	0
38892	-77024	50000	5000	Washington	0	0	0
34515	69195	25000	5000	Kabul	0	0	0
40159	44509	30000	5000	Eriwan	0	0	0
40383	49893	20000	5000	Baku	0	0	0
26192	50535	30000	5000	Manama	0	0	0
23710	90397	25000	5000	Dhaka	0	0	0
27440	89673	35000	5000	Thimphu	0	0	0
4943	114942	95000	5000	Bandar-Seri-Begawan	0	0	0
39905	116395	30000	5000	Peking	0	0	0
41701	44793	30000	5000	Tiflis	0	0	0
28635	77225	45000	5000	Neu-Delhi	0	0	0
-6186	106806	35000	5000	Jakarta	0	0	0
33315	44392	30000	5000	Bagdad	0	0	0
35706	51435	35000	5000	Teheran	0	0	0
31785	35200	45000	5000	Jerusalem	0	0	0
35678	139682	25000	5000	Tokio	0	0	0
15355	44208	25000	5000	Sanaa	0	0	0
31939	35934	25000	5000	Amman	0	0	0
11543	104898	50000	5000	Phnom-Penh	0	0	0
51179	71447	30000	5000	Astana	0	0	0
25294	51508	20000	5000	Doha	0	0	0
42867	74598	35000	5000	Bishkek	0	0	0
29372	47982	30000	5000	Kuwait	0	0	0
17968	102613	45000	5000	Vientiane	0	0	0
33887	35513	30000	5000	Beirut	0	0	0
3150	101707	60000	5000	Kuala-Lumpur	0	0	0
4174	73510	20000	5000	Male	0	0	0
47913	106922	50000	5000	Ulan-Bator	0	0	0
19737	96208	40000	5000	Pyinmana	0	0	0
27705	85315	45000	5000	Kathmandu	0	0	0
39018	125746	45000	5000	Pjöngjang	0	0	0
23608	58592	30000	5000	Maskat	0	0	0
33675	73094	45000	5000	Islamabad	0	0	0
14579	120972	30000	5000	Manila	0	0	0
24674	46697	20000	5000	Riad	0	0	0
1289	103850	40000	5000	Singapur	0	0	0
6915	79857	35000	5000	Colombo	0	0	0
33515	36293	40000	5000	Damaskus	0	0	0
37513	126982	25000	5000	Seoul	0	0	0
38573	68773	40000	5000	Dushanbe	0	0	0
13757	100502	35000	5000	Bangkok	0	0	0
-8566	125588	20000	5000	Dili	0	0	0
39943	32856	30000	5000	Ankara	0	0	0
37950	58379	40000	5000	Ashgabat	0	0	0
41319	69248	40000	5000	Tashkent	0	0	0
24476	54370	45000	5000	Abu-Dhabi	0	0	0
21034	105837	25000	5000	Hanoi	0	0	0
35167	33373	35000	5000	Nikosia	0	0	0
41331	19819	30000	5000	Tirana	0	0	0
42507	1521	80000	5000	Andorra-la-Vella	0	0	0
53967	27576	25000	5000	Minsk	0	0	0
50837	4367	40000	5000	Bruessel	0	0	0
43860	18421	40000	5000	Sarajevo	0	0	0
42710	23323	25000	5000	Sofia	0	0	0
55676	12568	50000	5000	Kopenhagen	0	0	0
52523	13411	30000	5000	Berlin	0	0	0
59438	24754	35000	5000	Tallinn	0	0	0
60169	24938	40000	5000	Helsinki	0	0	0
48856	2351	25000	5000	Paris	0	0	0
37979	23716	25000	5000	Athen	0	0	0
51500	-126	30000	5000	London	0	0	0
53344	-6267	30000	5000	Dublin	0	0	0
64135	-21895	45000	5000	Reykjavik	0	0	0
41895	12482	15000	5000	Rom	0	0	0
45815	15978	30000	5000	Zagreb	0	0	0
56946	24104	20000	5000	Riga	0	0	0
47141	9521	25000	5000	Vaduz	0	0	0
54689	25279	35000	5000	Vilnius	0	0	0
49610	6129	45000	5000	Luxemburg	0	0	0
35904	14518	40000	5000	Valletta	0	0	0
42002	21436	30000	5000	Skopje	0	0	0
47016	28849	40000	5000	Chisinau	0	0	0
43732	7418	30000	5000	Monaco	0	0	0
42460	19259	45000	5000	Podgorica	0	0	0
52373	4891	45000	5000	Amsterdam	0	0	0
59913	10738	20000	5000	Oslo	0	0	0
48209	16372	20000	5000	Wien	0	0	0
52229	21012	40000	5000	Warschau	0	0	0
38707	-9135	40000	5000	Lissabon	0	0	0
44447	26097	40000	5000	Bukarest	0	0	0
55755	37617	30000	5000	Moskau	0	0	0
43942	12457	50000	5000	San-Marino	0	0	0
59332	18064	45000	5000	Stockholm	0	0	0
46948	7448	20000	5000	Bern	0	0	0
44804	20478	35000	5000	Belgrad	0	0	0
48211	17154	50000	5000	Bratislava	0	0	0
46051	14506	45000	5000	Ljubljana	0	0	0
40416	-3703	30000	5000	Madrid	0	0	0
50087	14420	20000	5000	Prag	0	0	0
50442	30536	20000	5000	Kiew	0	0	0
47498	19040	40000	5000	Budapest	0	0	0
-35282	149128	40000	5000	Canberra	0	0	0
-18141	178441	20000	5000	Suva	0	0	0
1328	172978	35000	5000	Bairiki	0	0	0
7116	171366	30000	5000	Darrit	0	0	0
6917	158185	55000	5000	Mikronesien	0	0	0
-543	166919	25000	5000	Yaren	0	0	0
-41286	174776	50000	5000	Wellington	0	0	0
7500	134624	40000	5000	Melekeok	0	0	0
-9465	147196	35000	5000	Moresby	0	0	0
-9433	159950	35000	5000	Honiara	0	0	0
-13831	-171751	20000	5000	Apia	0	0	0
-21136	-175216	50000	5000	Nuku'alofa	0	0	0
-8521	179198	30000	5000	Vaiaku	0	0	0
-17740	168321	20000	5000	Vila	0	0	0
