35
17117	-61845	60000	5000	Saint-John's	0	0	0
-34611	-58417	60000	5000	Buenos-Aires	0	0	0
25066	-77339	30000	5000	Nassau	0	0	0
13093	-59610	50000	5000	Bridgetown	0	0	0
17253	-88771	40000	5000	Belmopan	0	0	0
-19042	-65255	25000	5000	Sucre	0	0	0
-15780	-47929	40000	5000	Brasilia	0	0	0
-33469	-70642	40000	5000	Santiago	0	0	0
9940	-84100	20000	5000	Jose	0	0	0
15297	-61390	30000	5000	Roseau	0	0	0
18479	-69890	35000	5000	Domingo	0	0	0
-229	-78524	25000	5000	Quito	0	0	0
13703	-89207	40000	5000	Salvador	0	0	0
12054	-61748	40000	5000	George's	0	0	0
14624	-90532	45000	5000	Guatemala	0	0	0
6804	-58154	50000	5000	Georgetown	0	0	0
18539	-72328	30000	5000	Prince	0	0	0
14082	-87206	55000	5000	Tegucigalpa	0	0	0
17992	-76792	40000	5000	Kingston	0	0	0
45423	-75697	30000	5000	Ottawa	0	0	0
4647	-74096	30000	5000	Bogota	0	0	0
23133	-82366	35000	5000	Havanna	0	0	0
19427	-99127	30000	5000	Mexico	0	0	0
12147	-86273	35000	5000	Managua	0	0	0
8994	-79518	30000	5000	Panama	0	0	0
-25300	-57636	40000	5000	Asuncion	0	0	0
-12093	-77046	20000	5000	Lima	0	0	0
17296	-62713	50000	5000	Basseterre	0	0	0
13997	-61001	40000	5000	Castries	0	0	0
13203	-61265	45000	5000	Kingstown	0	0	0
5823	-55167	50000	5000	Paramaribo	0	0	0
10659	-61478	25000	5000	Spain	0	0	0
-34894	-56067	50000	5000	Montevideo	0	0	0
10496	-66898	35000	5000	Caracas	0	0	0
38892	-77024	50000	5000	Washington	0	0	0
