43
41331	19819	30000	5000	Tirana	0	0	0
42507	1521	80000	5000	Andorra-la-Vella	0	0	0
53967	27576	25000	5000	Minsk	0	0	0
50837	4367	40000	5000	Bruessel	0	0	0
43860	18421	40000	5000	Sarajevo	0	0	0
42710	23323	25000	5000	Sofia	0	0	0
55676	12568	50000	5000	Kopenhagen	0	0	0
52523	13411	30000	5000	Berlin	0	0	0
59438	24754	35000	5000	Tallinn	0	0	0
60169	24938	40000	5000	Helsinki	0	0	0
48856	2351	25000	5000	Paris	0	0	0
37979	23716	25000	5000	Athen	0	0	0
51500	-126	30000	5000	London	0	0	0
53344	-6267	30000	5000	Dublin	0	0	0
64135	-21895	45000	5000	Reykjavik	0	0	0
41895	12482	15000	5000	Rom	0	0	0
45815	15978	30000	5000	Zagreb	0	0	0
56946	24104	20000	5000	Riga	0	0	0
47141	9521	25000	5000	Vaduz	0	0	0
54689	25279	35000	5000	Vilnius	0	0	0
49610	6129	45000	5000	Luxemburg	0	0	0
35904	14518	40000	5000	Valletta	0	0	0
42002	21436	30000	5000	Skopje	0	0	0
47016	28849	40000	5000	Chisinau	0	0	0
43732	7418	30000	5000	Monaco	0	0	0
42460	19259	45000	5000	Podgorica	0	0	0
52373	4891	45000	5000	Amsterdam	0	0	0
59913	10738	20000	5000	Oslo	0	0	0
48209	16372	20000	5000	Wien	0	0	0
52229	21012	40000	5000	Warschau	0	0	0
38707	-9135	40000	5000	Lissabon	0	0	0
44447	26097	40000	5000	Bukarest	0	0	0
55755	37617	30000	5000	Moskau	0	0	0
43942	12457	50000	5000	San-Marino	0	0	0
59332	18064	45000	5000	Stockholm	0	0	0
46948	7448	20000	5000	Bern	0	0	0
44804	20478	35000	5000	Belgrad	0	0	0
48211	17154	50000	5000	Bratislava	0	0	0
46051	14506	45000	5000	Ljubljana	0	0	0
40416	-3703	30000	5000	Madrid	0	0	0
50087	14420	20000	5000	Prag	0	0	0
50442	30536	20000	5000	Kiew	0	0	0
47498	19040	40000	5000	Budapest	0	0	0
