4
-35282	149128	40000	5000	Canberra	0	0	0
-18141	178441	20000	5000	Suva	0	0	0
1328	172978	35000	5000	Bairiki	0	0	0
7116	171366	30000	5000	Darrit	0	0	0
6917	158185	55000	5000	Mikronesien	0	0	0
-543	166919	25000	5000	Yaren	0	0	0
-41286	174776	50000	5000	Wellington	0	0	0
7500	134624	40000	5000	Melekeok	0	0	0
-9465	147196	35000	5000	Moresby	0	0	0
-9433	159950	35000	5000	Honiara	0	0	0
-13831	-171751	20000	5000	Apia	0	0	0
-21136	-175216	50000	5000	Nuku'alofa	0	0	0
-8521	179198	30000	5000	Vaiaku	0	0	0
-17740	168321	20000	5000	Vila	0	0	0
