54
30057	31227	25000	5000	Kairo	0	0	0
36775	3059	30000	5000	Algier	0	0	0
-8815	13230	30000	5000	Luanda	0	0	0
3752	8774	30000	5000	Malabo	0	0	0
9008	38757	25000	5000	Abeba	0	0	0
6477	2632	20000	5000	Novo	0	0	0
-24657	25908	40000	5000	Gaborone	0	0	0
12356	-1535	55000	5000	Ouagadougou	0	0	0
-3381	29362	45000	5000	Bujumbura	0	0	0
6806	-5272	60000	5000	Yamoussoukro	0	0	0
11580	43142	45000	5000	Dschibuti	0	0	0
15331	38918	30000	5000	Asmara	0	0	0
385	9449	50000	5000	Libreville	0	0	0
13439	-16677	30000	5000	Banjul	0	0	0
5540	-207	25000	5000	Accra	0	0	0
9537	-13678	35000	5000	Conakry	0	0	0
11859	-15587	30000	5000	Bissau	0	0	0
3861	11521	30000	5000	Jaunde	0	0	0
14919	-23515	25000	5000	Praia	0	0	0
-1276	36796	35000	5000	Nairobi	0	0	0
-11700	43241	30000	5000	Moroni	0	0	0
-4276	15266	55000	5000	Brazzaville	0	0	0
-4336	15327	40000	5000	Kinshasa	0	0	0
-29297	27485	30000	5000	Maseru	0	0	0
6310	-10804	40000	5000	Monrovia	0	0	0
32883	13189	40000	5000	Tripolis	0	0	0
-18920	47523	60000	5000	Antananarivo	0	0	0
-13989	33770	40000	5000	Lilongwe	0	0	0
12653	-7986	30000	5000	Bamako	0	0	0
33990	-6870	25000	5000	Rabat	0	0	0
18066	-15990	50000	5000	Nouakchott	0	0	0
-20165	57489	25000	5000	Louis	0	0	0
-25968	32580	30000	5000	Maputo	0	0	0
-22574	17080	35000	5000	Windhuk	0	0	0
13516	2115	30000	5000	Niamey	0	0	0
9058	7489	25000	5000	Abuja	0	0	0
-1944	30061	30000	5000	Kigali	0	0	0
-15414	28280	30000	5000	Lusaka	0	0	0
336	6731	20000	5000	Tome	0	0	0
14695	-17443	25000	5000	Dakar	0	0	0
-4616	55450	40000	5000	Victoria	0	0	0
8469	-13265	40000	5000	Freetown	0	0	0
-17822	31049	30000	5000	Harare	0	0	0
2041	45342	45000	5000	Mogadishu	0	0	0
15550	32532	40000	5000	Khartoum	0	0	0
4849	31604	20000	5000	Juba	0	0	0
-26318	31141	35000	5000	Mbabane	0	0	0
-25746	28187	40000	5000	Pretoria	0	0	0
-6167	35749	30000	5000	Dodoma	0	0	0
6122	1225	20000	5000	Lome	0	0	0
12112	15035	45000	5000	N'djamena	0	0	0
36811	10176	25000	5000	Tunis	0	0	0
313	32571	35000	5000	Kampala	0	0	0
4362	18587	30000	5000	Bangui	0	0	0
