54
30057	31227	5000	1000	Kairo	0	0	0
36775	3059	6000	1000	Algier	0	0	0
-8815	13230	6000	1000	Luanda	0	0	0
3752	8774	6000	1000	Malabo	0	0	0
9008	38757	5000	1000	Abeba	0	0	0
6477	2632	4000	1000	Novo	0	0	0
-24657	25908	8000	1000	Gaborone	0	0	0
12356	-1535	11000	1000	Ouagadougou	0	0	0
-3381	29362	9000	1000	Bujumbura	0	0	0
6806	-5272	12000	1000	Yamoussoukro	0	0	0
11580	43142	9000	1000	Dschibuti	0	0	0
15331	38918	6000	1000	Asmara	0	0	0
385	9449	10000	1000	Libreville	0	0	0
13439	-16677	6000	1000	Banjul	0	0	0
5540	-207	5000	1000	Accra	0	0	0
9537	-13678	7000	1000	Conakry	0	0	0
11859	-15587	6000	1000	Bissau	0	0	0
3861	11521	6000	1000	Jaunde	0	0	0
14919	-23515	5000	1000	Praia	0	0	0
-1276	36796	7000	1000	Nairobi	0	0	0
-11700	43241	6000	1000	Moroni	0	0	0
-4276	15266	11000	1000	Brazzaville	0	0	0
-4336	15327	8000	1000	Kinshasa	0	0	0
-29297	27485	6000	1000	Maseru	0	0	0
6310	-10804	8000	1000	Monrovia	0	0	0
32883	13189	8000	1000	Tripolis	0	0	0
-18920	47523	12000	1000	Antananarivo	0	0	0
-13989	33770	8000	1000	Lilongwe	0	0	0
12653	-7986	6000	1000	Bamako	0	0	0
33990	-6870	5000	1000	Rabat	0	0	0
18066	-15990	10000	1000	Nouakchott	0	0	0
-20165	57489	5000	1000	Louis	0	0	0
-25968	32580	6000	1000	Maputo	0	0	0
-22574	17080	7000	1000	Windhuk	0	0	0
13516	2115	6000	1000	Niamey	0	0	0
9058	7489	5000	1000	Abuja	0	0	0
-1944	30061	6000	1000	Kigali	0	0	0
-15414	28280	6000	1000	Lusaka	0	0	0
336	6731	4000	1000	Tome	0	0	0
14695	-17443	5000	1000	Dakar	0	0	0
-4616	55450	8000	1000	Victoria	0	0	0
8469	-13265	8000	1000	Freetown	0	0	0
-17822	31049	6000	1000	Harare	0	0	0
2041	45342	9000	1000	Mogadishu	0	0	0
15550	32532	8000	1000	Khartoum	0	0	0
4849	31604	4000	1000	Juba	0	0	0
-26318	31141	7000	1000	Mbabane	0	0	0
-25746	28187	8000	1000	Pretoria	0	0	0
-6167	35749	6000	1000	Dodoma	0	0	0
6122	1225	4000	1000	Lome	0	0	0
12112	15035	9000	1000	N'djamena	0	0	0
36811	10176	5000	1000	Tunis	0	0	0
313	32571	7000	1000	Kampala	0	0	0
4362	18587	6000	1000	Bangui	0	0	0
