150
-30 119 26 35 box1 0 0 0
-71 166 33 47 box2 0 0 0
139 -91 16 45 box3 0 0 0
-54 102 18 37 box4 0 0 0
21 23 41 51 box5 0 0 0
-49 183 64 26 box6 0 0 0
174 196 43 20 box7 0 0 0
200 -89 43 46 box8 0 0 0
-71 -5 72 71 box9 0 0 0
9 -74 15 15 box10 0 0 0
154 180 54 72 box11 0 0 0
22 -2 56 41 box12 0 0 0
118 98 19 74 box13 0 0 0
-29 184 59 62 box14 0 0 0
191 130 72 32 box15 0 0 0
108 125 56 30 box16 0 0 0
68 -42 44 53 box17 0 0 0
13 -40 38 38 box18 0 0 0
66 189 50 16 box19 0 0 0
96 -86 36 18 box20 0 0 0
13 -90 30 73 box21 0 0 0
119 118 39 42 box22 0 0 0
-30 0 38 50 box23 0 0 0
167 -94 27 45 box24 0 0 0
169 163 25 35 box25 0 0 0
3 64 75 47 box26 0 0 0
-87 7 23 73 box27 0 0 0
194 -35 34 33 box28 0 0 0
67 72 24 29 box29 0 0 0
195 -77 57 27 box30 0 0 0
-44 1 16 17 box31 0 0 0
56 199 65 68 box32 0 0 0
185 94 39 66 box33 0 0 0
161 -27 36 62 box34 0 0 0
-96 34 22 62 box35 0 0 0
-51 -58 29 25 box36 0 0 0
-54 -20 56 75 box37 0 0 0
-97 33 68 27 box38 0 0 0
-59 175 29 16 box39 0 0 0
-82 123 49 61 box40 0 0 0
182 125 46 58 box41 0 0 0
-29 -38 48 30 box42 0 0 0
19 -44 26 48 box43 0 0 0
53 98 44 39 box44 0 0 0
-89 122 24 61 box45 0 0 0
-31 -38 63 33 box46 0 0 0
11 113 51 64 box47 0 0 0
16 -60 46 42 box48 0 0 0
52 94 69 42 box49 0 0 0
158 -97 35 40 box50 0 0 0
187 49 61 54 box51 0 0 0
-43 61 49 57 box52 0 0 0
-48 111 54 72 box53 0 0 0
-44 -19 60 35 box54 0 0 0
-60 -47 33 69 box55 0 0 0
49 149 37 16 box56 0 0 0
104 31 68 34 box57 0 0 0
106 -95 24 30 box58 0 0 0
-13 134 67 16 box59 0 0 0
35 -3 16 57 box60 0 0 0
11 -70 33 19 box61 0 0 0
-29 78 19 18 box62 0 0 0
15 -16 18 53 box63 0 0 0
-38 -16 49 55 box64 0 0 0
171 -47 74 28 box65 0 0 0
-39 98 21 55 box66 0 0 0
194 105 67 20 box67 0 0 0
-23 -27 45 21 box68 0 0 0
-62 -30 45 72 box69 0 0 0
118 142 44 73 box70 0 0 0
-8 41 68 37 box71 0 0 0
38 41 60 33 box72 0 0 0
-99 25 69 20 box73 0 0 0
170 168 41 71 box74 0 0 0
27 178 62 43 box75 0 0 0
101 32 46 29 box76 0 0 0
-85 130 38 23 box77 0 0 0
104 -43 58 68 box78 0 0 0
99 -94 64 34 box79 0 0 0
81 31 47 64 box80 0 0 0
12 98 61 15 box81 0 0 0
-41 79 40 55 box82 0 0 0
-60 122 35 43 box83 0 0 0
79 116 48 37 box84 0 0 0
75 76 23 61 box85 0 0 0
56 -73 53 24 box86 0 0 0
-7 193 17 48 box87 0 0 0
97 -54 59 25 box88 0 0 0
52 -45 53 22 box89 0 0 0
56 -88 29 48 box90 0 0 0
-44 112 25 60 box91 0 0 0
86 144 54 15 box92 0 0 0
-17 104 41 32 box93 0 0 0
183 -26 59 22 box94 0 0 0
-77 -2 51 72 box95 0 0 0
89 195 50 21 box96 0 0 0
79 -76 52 60 box97 0 0 0
107 151 27 46 box98 0 0 0
129 54 47 72 box99 0 0 0
119 -67 19 22 box100 0 0 0
-71 97 30 57 box101 0 0 0
-48 119 42 16 box102 0 0 0
8 31 43 62 box103 0 0 0
4 -37 40 72 box104 0 0 0
182 183 49 35 box105 0 0 0
4 -67 66 62 box106 0 0 0
-58 -84 56 49 box107 0 0 0
-47 141 66 70 box108 0 0 0
22 -74 31 34 box109 0 0 0
113 118 70 28 box110 0 0 0
137 -92 55 44 box111 0 0 0
130 177 32 54 box112 0 0 0
100 117 73 71 box113 0 0 0
-26 96 29 65 box114 0 0 0
-49 122 17 45 box115 0 0 0
166 120 49 37 box116 0 0 0
-26 -90 51 15 box117 0 0 0
33 128 56 43 box118 0 0 0
192 173 69 25 box119 0 0 0
13 -61 45 28 box120 0 0 0
126 -2 73 15 box121 0 0 0
-12 -5 20 51 box122 0 0 0
102 -83 37 73 box123 0 0 0
135 184 31 28 box124 0 0 0
92 139 69 61 box125 0 0 0
-74 122 18 24 box126 0 0 0
-79 16 61 75 box127 0 0 0
-79 10 43 33 box128 0 0 0
-22 71 44 53 box129 0 0 0
37 43 54 58 box130 0 0 0
30 199 58 34 box131 0 0 0
119 162 36 47 box132 0 0 0
32 167 55 34 box133 0 0 0
-79 134 51 71 box134 0 0 0
-32 160 73 20 box135 0 0 0
-97 -29 42 74 box136 0 0 0
192 144 19 56 box137 0 0 0
30 31 40 45 box138 0 0 0
3 91 66 55 box139 0 0 0
36 123 16 57 box140 0 0 0
42 -44 34 39 box141 0 0 0
130 14 50 46 box142 0 0 0
186 12 33 32 box143 0 0 0
-92 119 16 48 box144 0 0 0
127 -88 75 29 box145 0 0 0
121 -52 64 33 box146 0 0 0
200 -15 24 39 box147 0 0 0
5 154 75 53 box148 0 0 0
59 142 37 59 box149 0 0 0
145 191 71 73 box150 0 0 0
