75
32 18 19 13 box1 0 0 0
100 81 5 22 box2 0 0 0
89 23 22 24 box3 0 0 0
7 71 17 5 box4 0 0 0
71 14 23 19 box5 0 0 0
84 28 6 20 box6 0 0 0
85 45 21 22 box7 0 0 0
65 16 7 8 box8 0 0 0
10 55 10 10 box9 0 0 0
44 89 21 7 box10 0 0 0
37 56 22 5 box11 0 0 0
30 75 17 14 box12 0 0 0
19 73 6 6 box13 0 0 0
51 45 10 25 box14 0 0 0
69 5 6 22 box15 0 0 0
36 88 5 21 box16 0 0 0
48 52 17 21 box17 0 0 0
21 86 25 5 box18 0 0 0
43 46 19 6 box19 0 0 0
5 51 10 16 box20 0 0 0
51 67 20 24 box21 0 0 0
13 21 25 23 box22 0 0 0
2 50 24 15 box23 0 0 0
53 35 13 7 box24 0 0 0
50 92 5 25 box25 0 0 0
34 15 21 12 box26 0 0 0
72 2 17 22 box27 0 0 0
32 90 14 23 box28 0 0 0
21 5 9 16 box29 0 0 0
35 15 14 9 box30 0 0 0
79 22 22 25 box31 0 0 0
62 65 23 22 box32 0 0 0
3 67 21 9 box33 0 0 0
0 2 23 24 box34 0 0 0
44 94 17 20 box35 0 0 0
53 27 10 5 box36 0 0 0
33 22 19 23 box37 0 0 0
19 86 7 16 box38 0 0 0
60 68 16 10 box39 0 0 0
47 57 16 23 box40 0 0 0
48 10 6 23 box41 0 0 0
31 74 5 18 box42 0 0 0
75 66 8 8 box43 0 0 0
1 4 15 14 box44 0 0 0
4 22 19 22 box45 0 0 0
36 28 23 22 box46 0 0 0
100 26 20 18 box47 0 0 0
61 42 16 13 box48 0 0 0
33 41 24 23 box49 0 0 0
24 63 24 21 box50 0 0 0
91 82 15 8 box51 0 0 0
84 39 11 23 box52 0 0 0
78 22 16 17 box53 0 0 0
41 99 23 10 box54 0 0 0
66 94 25 7 box55 0 0 0
94 98 23 14 box56 0 0 0
64 43 9 7 box57 0 0 0
64 34 23 5 box58 0 0 0
0 71 10 16 box59 0 0 0
39 68 19 13 box60 0 0 0
74 78 14 9 box61 0 0 0
65 87 8 18 box62 0 0 0
51 79 22 15 box63 0 0 0
91 48 23 11 box64 0 0 0
67 15 7 7 box65 0 0 0
56 2 17 21 box66 0 0 0
92 35 17 24 box67 0 0 0
10 48 14 18 box68 0 0 0
55 0 12 12 box69 0 0 0
41 73 18 5 box70 0 0 0
42 28 20 16 box71 0 0 0
4 52 25 18 box72 0 0 0
67 85 15 16 box73 0 0 0
63 29 15 8 box74 0 0 0
35 55 8 12 box75 0 0 0
