50
-50 -17 4 3 box1 0 0 0
-41 -44 11 2 box2 0 0 0
-18 -10 10 3 box3 0 0 0
-46 -24 7 6 box4 0 0 0
-29 -32 8 4 box5 0 0 0
-45 -33 4 11 box6 0 0 0
-26 -41 11 7 box7 0 0 0
-32 -5 4 7 box8 0 0 0
-27 -38 12 11 box9 0 0 0
-28 -41 9 3 box10 0 0 0
-9 -46 8 2 box11 0 0 0
-27 -11 3 5 box12 0 0 0
-38 -40 11 4 box13 0 0 0
-23 -17 4 12 box14 0 0 0
-22 -50 4 3 box15 0 0 0
-27 -32 4 3 box16 0 0 0
-28 -7 10 10 box17 0 0 0
-29 -4 6 11 box18 0 0 0
-14 -48 2 4 box19 0 0 0
-15 -24 2 10 box20 0 0 0
-5 -16 6 3 box21 0 0 0
-50 -41 12 2 box22 0 0 0
-49 -17 6 6 box23 0 0 0
-32 -49 3 2 box24 0 0 0
-39 -47 12 5 box25 0 0 0
-21 -22 9 3 box26 0 0 0
-2 -26 5 12 box27 0 0 0
-21 -25 12 2 box28 0 0 0
-32 -29 12 6 box29 0 0 0
-35 -10 7 10 box30 0 0 0
-7 -16 9 6 box31 0 0 0
-3 -48 3 9 box32 0 0 0
-22 -23 12 9 box33 0 0 0
-30 -19 2 2 box34 0 0 0
-29 -15 10 12 box35 0 0 0
-25 -13 2 2 box36 0 0 0
0 -50 9 7 box37 0 0 0
-15 -19 9 12 box38 0 0 0
-5 -43 8 2 box39 0 0 0
-23 -35 7 4 box40 0 0 0
-31 -30 8 4 box41 0 0 0
-21 -30 8 8 box42 0 0 0
-3 -48 3 7 box43 0 0 0
-5 -49 5 11 box44 0 0 0
-3 -18 2 7 box45 0 0 0
-17 -46 5 6 box46 0 0 0
-33 -17 3 4 box47 0 0 0
-16 -1 7 4 box48 0 0 0
-24 -34 12 5 box49 0 0 0
-12 -1 9 12 box50 0 0 0
