80
-200 -148 67 48 box1 0 0 0
13 -113 23 62 box2 0 0 0
72 174 44 52 box3 0 0 0
133 -187 24 53 box4 0 0 0
69 -197 44 25 box5 0 0 0
-33 75 56 77 box6 0 0 0
139 11 26 60 box7 0 0 0
-34 81 76 67 box8 0 0 0
-95 -181 65 41 box9 0 0 0
53 103 81 43 box10 0 0 0
-101 194 65 66 box11 0 0 0
61 -171 59 74 box12 0 0 0
-91 -25 67 50 box13 0 0 0
-105 -90 42 31 box14 0 0 0
-5 159 76 24 box15 0 0 0
162 2 52 40 box16 0 0 0
195 -2 37 26 box17 0 0 0
180 -171 51 44 box18 0 0 0
-89 166 53 49 box19 0 0 0
177 -180 67 67 box20 0 0 0
131 -150 21 62 box21 0 0 0
148 52 65 65 box22 0 0 0
200 156 35 39 box23 0 0 0
-60 5 57 72 box24 0 0 0
-35 137 37 46 box25 0 0 0
15 -13 38 31 box26 0 0 0
-139 29 69 23 box27 0 0 0
14 -1 79 66 box28 0 0 0
22 157 59 72 box29 0 0 0
-136 -115 64 28 box30 0 0 0
-164 -90 21 46 box31 0 0 0
-190 84 78 35 box32 0 0 0
-128 -73 75 60 box33 0 0 0
-140 73 44 44 box34 0 0 0
0 -141 56 72 box35 0 0 0
36 183 54 30 box36 0 0 0
194 -37 29 55 box37 0 0 0
-99 -5 49 79 box38 0 0 0
-150 -120 40 59 box39 0 0 0
-150 61 58 69 box40 0 0 0
-101 -9 44 33 box41 0 0 0
-189 161 47 29 box42 0 0 0
179 -36 29 75 box43 0 0 0
-164 -135 25 43 box44 0 0 0
-99 -146 68 48 box45 0 0 0
-60 -19 70 77 box46 0 0 0
61 -114 62 76 box47 0 0 0
-100 145 49 51 box48 0 0 0
40 127 67 49 box49 0 0 0
181 53 47 71 box50 0 0 0
76 81 81 79 box51 0 0 0
141 -84 53 52 box52 0 0 0
-159 -34 56 74 box53 0 0 0
-24 92 74 64 box54 0 0 0
121 83 66 22 box55 0 0 0
155 10 49 24 box56 0 0 0
86 -4 61 62 box57 0 0 0
-120 167 73 75 box58 0 0 0
18 -145 48 81 box59 0 0 0
-114 -22 40 52 box60 0 0 0
153 -24 49 70 box61 0 0 0
-54 -116 81 30 box62 0 0 0
52 47 21 21 box63 0 0 0
110 91 40 46 box64 0 0 0
73 72 33 72 box65 0 0 0
84 132 26 25 box66 0 0 0
106 52 34 34 box67 0 0 0
-168 -45 79 78 box68 0 0 0
-44 -93 63 38 box69 0 0 0
111 114 46 38 box70 0 0 0
-123 -196 32 80 box71 0 0 0
-103 128 29 45 box72 0 0 0
41 -130 71 30 box73 0 0 0
196 -97 35 27 box74 0 0 0
-113 54 63 69 box75 0 0 0
79 101 61 59 box76 0 0 0
-178 39 34 40 box77 0 0 0
80 -153 67 53 box78 0 0 0
22 35 41 63 box79 0 0 0
-143 -136 50 73 box80 0 0 0
