35
-100 -74 34 25 box1 0 0 0
7 -56 12 32 box2 0 0 0
36 87 22 27 box3 0 0 0
67 -94 12 27 box4 0 0 0
34 -99 22 13 box5 0 0 0
-17 38 29 39 box6 0 0 0
70 5 13 31 box7 0 0 0
-17 40 39 34 box8 0 0 0
-48 -91 33 21 box9 0 0 0
27 52 41 22 box10 0 0 0
-51 97 33 34 box11 0 0 0
30 -86 30 38 box12 0 0 0
-46 -13 34 25 box13 0 0 0
-53 -45 22 16 box14 0 0 0
-3 80 39 12 box15 0 0 0
81 1 27 20 box16 0 0 0
98 -1 19 13 box17 0 0 0
90 -86 26 22 box18 0 0 0
-45 83 27 25 box19 0 0 0
89 -90 34 34 box20 0 0 0
66 -75 11 32 box21 0 0 0
74 26 33 33 box22 0 0 0
100 78 18 20 box23 0 0 0
-30 3 29 37 box24 0 0 0
-18 69 19 23 box25 0 0 0
7 -6 19 16 box26 0 0 0
-70 14 35 12 box27 0 0 0
7 0 40 34 box28 0 0 0
11 79 30 37 box29 0 0 0
-68 -58 33 15 box30 0 0 0
-82 -45 11 23 box31 0 0 0
-95 42 40 18 box32 0 0 0
-64 -37 38 31 box33 0 0 0
-70 36 22 23 box34 0 0 0
0 -71 29 37 box35 0 0 0
